20976 10866934 0.9403532447511469 0.16609602704506726 0.36576 5.677300441543373 3.5346652592362147
20977 10866934 0.9394646054626777 0.16609429920076413 0.36576 5.677300441543373 3.5346652592362147
20978 10866934 0.9385759661742086 0.166092571356461 0.36576 5.677300441543373 3.5346652592362147
20979 10866934 0.9385754901995699 0.16609220135910105 0.36576076169532185 5.677300441543373 3.5346652592362147
20980 10866934 0.9385750142249312 0.1660918313617411 0.3657615233906437 5.677300441543373 3.5346652592362147
20981 10866934 0.9385745382502925 0.16609146136438116 0.3657622850859656 5.677300441543373 3.5346652592362147
20982 10866934 0.9385740622756538 0.1660910913670212 0.36576304678128746 5.677300441543373 3.5346652592362147
20983 10866934 0.9385735863010151 0.16609072136966124 0.36576380847660933 5.677300441543373 3.5346652592362147
20984 10866934 0.9385731103263762 0.1660903513723013 0.3657645701719312 5.677300441543373 3.5346652592362147
20985 10866934 0.9385726343517375 0.16608998137494135 0.3657653318672531 5.677300441543373 3.5346652592362147
20986 10866934 0.9385721583770988 0.1660896113775814 0.36576609356257495 5.677300441543373 3.5346652592362147
20987 10866934 0.9385716824024601 0.16608924138022146 0.3657668552578968 5.677300441543373 3.5346652592362147
20988 10866934 0.9385712064278214 0.16608887138286152 0.3657676169532187 5.677300441543373 3.5346652592362147
20989 10866934 0.9385707304531827 0.16608850138550157 0.36576837864854056 5.677300441543373 3.5346652592362147
20990 10866934 0.938570254478544 0.1660881313881416 0.36576914034386243 5.677300441543373 3.5346652592362147
20991 10866934 0.9385697785039053 0.16608776139078166 0.3657699020391843 5.677300441543373 3.5346652592362147
20992 10866934 0.9385693025292666 0.1660873913934217 0.3657706637345062 5.677300441543373 3.5346652592362147
20993 10866934 0.9385688265546279 0.16608702139606177 0.36577142542982805 5.677300441543373 3.5346652592362147
20994 10866934 0.9385683505799892 0.16608665139870182 0.3657721871251499 5.677300441543373 3.5346652592362147
20995 10866934 0.9385678746053504 0.16608628140134188 0.3657729488204718 5.677300441543373 3.5346652592362147
20996 10866934 0.9385673986307117 0.16608591140398193 0.36577371051579366 5.677300441543373 3.5346652592362147
20997 10866934 0.938566922656073 0.16608554140662196 0.36577447221111553 5.677300441543373 3.5346652592362147
20998 10866934 0.9385664466814343 0.16608517140926202 0.3657752339064374 5.677300441543373 3.5346652592362147
20999 10866934 0.9385659707067956 0.16608480141190207 0.3657759956017593 5.677300441543373 3.5346652592362147
21000 10866934 0.9385654947321569 0.16608443141454213 0.36577675729708115 5.677300441543373 3.5346652592362147
21001 10866934 0.9385650187575182 0.16608406141718218 0.365777518992403 5.677300441543373 3.5346652592362147
21002 10866934 0.9385645427828795 0.16608369141982224 0.3657782806877249 5.677300441543373 3.5346652592362147
21003 10866934 0.9385640668082408 0.1660833214224623 0.36577904238304676 5.677300441543373 3.5346652592362147
21004 10866934 0.9385635908336021 0.16608295142510235 0.36577980407836863 5.677300441543373 3.5346652592362147
21005 10866934 0.9385631148589634 0.16608258142774238 0.3657805657736905 5.677300441543373 3.5346652592362147
21006 10866934 0.9385626388843246 0.16608221143038243 0.3657813274690124 5.677300441543373 3.5346652592362147
21007 10866934 0.9385621629096859 0.1660818414330225 0.36578208916433425 5.677300441543373 3.5346652592362147
21008 10866934 0.9385616869350472 0.16608147143566254 0.3657828508596561 5.677300441543373 3.5346652592362147
21009 10866934 0.9385612109604085 0.1660811014383026 0.365783612554978 5.677300441543373 3.5346652592362147
21010 10866934 0.9385607349857698 0.16608073144094265 0.36578437425029986 5.677300441543373 3.5346652592362147
21011 10866934 0.938560259011131 0.1660803614435827 0.36578513594562173 5.677300441543373 3.5346652592362147
21012 10866934 0.9385597830364923 0.16607999144622274 0.3657858976409436 5.677300441543373 3.5346652592362147
21013 10866934 0.9385593070618536 0.1660796214488628 0.3657866593362655 5.677300441543373 3.5346652592362147
21014 10866934 0.9385588310872149 0.16607925145150285 0.36578742103158735 5.677300441543373 3.5346652592362147
21015 10866934 0.9385583551125762 0.1660788814541429 0.3657881827269092 5.677300441543373 3.5346652592362147
21016 10866934 0.9385578791379375 0.16607851145678296 0.3657889444222311 5.677300441543373 3.5346652592362147
21017 10866934 0.9385574031632987 0.166078141459423 0.36578970611755296 5.677300441543373 3.5346652592362147
21018 10866934 0.93855692718866 0.16607777146206307 0.36579046781287483 5.677300441543373 3.5346652592362147
21019 10866934 0.9385564512140213 0.16607740146470312 0.3657912295081967 5.677300441543373 3.5346652592362147
21020 10866934 0.9385559752393826 0.16607703146734315 0.3657919912035186 5.677300441543373 3.5346652592362147
21021 10866934 0.9385554992647439 0.1660766614699832 0.36579275289884045 5.677300441543373 3.5346652592362147
21022 10866934 0.9385550232901052 0.16607629147262326 0.3657935145941623 5.677300441543373 3.5346652592362147
21023 10866934 0.9385545473154665 0.16607592147526332 0.3657942762894842 5.677300441543373 3.5346652592362147
21024 10866934 0.9385540713408278 0.16607555147790337 0.36579503798480606 5.677300441543373 3.5346652592362147
21025 10866934 0.9385535953661891 0.16607518148054343 0.36579579968012793 5.677300441543373 3.5346652592362147
21026 10866934 0.9385531193915504 0.16607481148318348 0.3657965613754498 5.677300441543373 3.5346652592362147
21027 10866934 0.9385526434169117 0.1660744414858235 0.3657973230707717 5.677300441543373 3.5346652592362147
21028 10866934 0.9385521674422729 0.16607407148846356 0.36579808476609355 5.677300441543373 3.5346652592362147
21029 10866934 0.9385516914676342 0.16607370149110362 0.3657988464614154 5.677300441543373 3.5346652592362147
21030 10866934 0.9385512154929955 0.16607333149374368 0.3657996081567373 5.677300441543373 3.5346652592362147
21031 10866934 0.9385507395183568 0.16607296149638373 0.36580036985205916 5.677300441543373 3.5346652592362147
21032 10866934 0.9385502635437181 0.1660725914990238 0.36580113154738103 5.677300441543373 3.5346652592362147
21033 10866934 0.9385497875690794 0.16607222150166384 0.3658018932427029 5.677300441543373 3.5346652592362147
21034 10866934 0.9385493115944407 0.1660718515043039 0.3658026549380248 5.677300441543373 3.5346652592362147
21035 10866934 0.938548835619802 0.16607148150694392 0.36580341663334665 5.677300441543373 3.5346652592362147
21036 10866934 0.9385483596451633 0.16607111150958398 0.3658041783286685 5.677300441543373 3.5346652592362147
21037 10866934 0.9385478836705246 0.16607074151222403 0.3658049400239904 5.677300441543373 3.5346652592362147
21038 10866934 0.9385474076958858 0.1660703715148641 0.36580570171931226 5.677300441543373 3.5346652592362147
