12512 10561439 1.430604972427885 0.07089281375309578 0.42672000000000004 3.0629300369738894 2.7488114629787055
12513 10561439 1.430660312397247 0.07087473708801115 0.42672000000000004 3.0629300369738894 2.7488114629787055
12514 10561439 1.4307156523666091 0.0708566604229265 0.42672000000000004 3.0629300369738894 2.7488114629787055
12515 10561439 1.430770992335971 0.07083858375784187 0.42672000000000004 3.0629300369738894 2.7488114629787055
12516 10561439 1.4308263323053332 0.07082050709275724 0.42672000000000004 3.0629300369738894 2.7488114629787055
12517 10561439 1.4308816722746953 0.0708024304276726 0.42672000000000004 3.0629300369738894 2.7488114629787055
12518 10561439 1.4309370122440572 0.07078435376258797 0.42672000000000004 3.0629300369738894 2.7488114629787055
12519 10561439 1.4309923522134194 0.07076627709750333 0.42672000000000004 3.0629300369738894 2.7488114629787055
12520 10561439 1.4310476921827813 0.0707482004324187 0.42672000000000004 3.0629300369738894 2.7488114629787055
12521 10561439 1.4311030321521434 0.07073012376733406 0.42672000000000004 1.9380638631846554 3.6306216179351116
12522 10561439 1.4311583721215055 0.07071204710224943 0.42672000000000004 1.9380638631846554 3.6306216179351116
12523 10561439 1.4312137120908675 0.0706939704371648 0.42672000000000004 1.9380638631846554 3.6306216179351116
12524 10561439 1.4312690520602296 0.07067589377208015 0.42672000000000004 1.9380638631846554 3.6306216179351116
12525 10561439 1.4313243920295917 0.07065781710699552 0.42672000000000004 1.9380638631846554 3.6306216179351116
12526 10561439 1.4313797319989536 0.07063974044191089 0.42672000000000004 1.9380638631846554 3.6306216179351116
12527 10561439 1.4314350719683158 0.07062166377682626 0.42672000000000004 1.9380638631846554 3.6306216179351116
12528 10561439 1.4314904119376777 0.07060358711174161 0.42672000000000004 1.9380638631846554 3.6306216179351116
12529 10561439 1.4315457519070398 0.07058551044665698 0.42672000000000004 1.9380638631846554 3.6306216179351116
12530 10561439 1.431601091876402 0.07056743378157235 0.42672000000000004 1.9380638631846554 3.6306216179351116
12531 10561439 1.4316564318457639 0.07054935711648772 0.42672000000000004 1.9380638631846554 3.6306216179351116
12532 10561439 1.431711771815126 0.07053128045140308 0.42672000000000004 1.9380638631846554 3.6306216179351116
12533 10561439 1.431767111784488 0.07051320378631844 0.42672000000000004 1.9380638631846554 3.6306216179351116
12534 10561439 1.43182245175385 0.0704951271212338 0.42672000000000004 1.9380638631846554 3.6306216179351116
12535 10561439 1.4318777917232122 0.07047705045614917 0.42672000000000004 1.9380638631846554 3.6306216179351116
12536 10561439 1.431933131692574 0.07045897379106454 0.42672000000000004 1.9380638631846554 3.6306216179351116
12537 10561439 1.4319884716619362 0.07044089712597991 0.42672000000000004 1.9380638631846554 3.6306216179351116
12538 10561439 1.4320438116312981 0.07042282046089526 0.42672000000000004 1.9380638631846554 3.6306216179351116
12539 10561439 1.4320991516006603 0.07040474379581063 0.42672000000000004 1.9380638631846554 3.6306216179351116
12540 10561439 1.4321544915700224 0.070386667130726 0.42672000000000004 1.9380638631846554 3.6306216179351116
12541 10561439 1.4322098315393843 0.07036859046564137 0.42672000000000004 1.9380638631846554 3.6306216179351116
12542 10561439 1.4322651715087464 0.07035051380055674 0.42672000000000004 1.9380638631846554 3.6306216179351116
12543 10561439 1.4323205114781083 0.07033243713547209 0.42672000000000004 1.9380638631846554 3.6306216179351116
12544 10561439 1.4323758514474705 0.07031436047038746 0.42672000000000004 1.9380638631846554 3.6306216179351116
12545 10561439 1.4324311914168326 0.07029628380530283 0.42672000000000004 1.9380638631846554 3.6306216179351116
12546 10561439 1.4324865313861945 0.0702782071402182 0.42672000000000004 1.9380638631846554 3.6306216179351116
12547 10561439 1.4325418713555567 0.07026013047513356 0.42672000000000004 1.9380638631846554 3.6306216179351116
12548 10561439 1.4325972113249188 0.07024205381004892 0.42672000000000004 1.9380638631846554 3.6306216179351116
12549 10561439 1.4326525512942807 0.07022397714496428 0.42672000000000004 1.9380638631846554 3.6306216179351116
12550 10561439 1.4327078912636428 0.07020590047987965 0.42672000000000004 1.9380638631846554 3.6306216179351116
12551 10561439 1.4327632312330048 0.07018782381479502 0.42672000000000004 1.9380638631846554 3.6306216179351116
12552 10561439 1.4328185712023669 0.07016974714971039 0.42672000000000004 1.9380638631846554 3.6306216179351116
12553 10561439 1.432873911171729 0.07015167048462574 0.42672000000000004 1.9380638631846554 3.6306216179351116
12554 10561439 1.432929251141091 0.07013359381954111 0.42672000000000004 1.9380638631846554 3.6306216179351116
12555 10561439 1.432984591110453 0.07011551715445648 0.42672000000000004 1.9380638631846554 3.6306216179351116
12556 10561439 1.433039931079815 0.07009744048937185 0.42672000000000004 1.9380638631846554 3.6306216179351116
12557 10561439 1.433095271049177 0.0700793638242872 0.42672000000000004 1.9380638631846554 3.6306216179351116
12558 10561439 1.4331506110185392 0.07006128715920257 0.42672000000000004 1.9380638631846554 3.6306216179351116
12559 10561439 1.4332059509879012 0.07004321049411794 0.42672000000000004 1.9380638631846554 3.6306216179351116
12560 10561439 1.4332612909572633 0.0700251338290333 0.42672000000000004 1.9380638631846554 3.6306216179351116
12561 10561439 1.4333166309266252 0.07000705716394867 0.42672000000000004 1.9380638631846554 3.6306216179351116
12562 10561439 1.4333719708959873 0.06998898049886403 0.42672000000000004 1.9380638631846554 3.6306216179351116
12563 10561439 1.4334273108653495 0.0699709038337794 0.42672000000000004 1.9380638631846554 3.6306216179351116
12564 10561439 1.4334826508347114 0.06995282716869476 0.42672000000000004 1.9380638631846554 3.6306216179351116
12565 10561439 1.4335379908040735 0.06993475050361013 0.42672000000000004 1.9380638631846554 3.6306216179351116
12566 10561439 1.4335933307734356 0.0699166738385255 0.42672000000000004 1.9380638631846554 3.6306216179351116
12567 10561439 1.4336486707427976 0.06989859717344085 0.42672000000000004 1.9380638631846554 3.6306216179351116
12568 10561439 1.4337040107121597 0.06988052050835622 0.42672000000000004 1.9380638631846554 3.6306216179351116
12569 10561439 1.4337593506815216 0.06986244384327159 0.42672000000000004 1.9380638631846554 3.6306216179351116
12570 10561439 1.4338146906508837 0.06984436717818696 0.42672000000000004 1.9380638631846554 3.6306216179351116
12571 10561439 1.4338700306202459 0.06982629051310232 0.42672000000000004 1.9380638631846554 3.6306216179351116
