30773 10959704 0.6459891134893944 0.15830125138700646 0.42672000000000004 3.1738389325620426 4.048653824440098
30774 10959704 0.6459159517232315 0.1583251580181025 0.42672000000000004 3.1738389325620426 4.048653824440098
30775 10959704 0.6458427899570686 0.15834906464919854 0.42672000000000004 3.1738389325620426 4.048653824440098
30776 10959704 0.6457696281909056 0.1583729712802946 0.42672000000000004 3.1738389325620426 4.048653824440098
30777 10959704 0.6456964664247427 0.15839687791139062 0.42672000000000004 3.1738389325620426 4.048653824440098
30778 10959704 0.6456233046585798 0.15842078454248668 0.42672000000000004 3.1738389325620426 4.048653824440098
30779 10959704 0.6455501428924169 0.1584446911735827 0.42672000000000004 3.1738389325620426 4.048653824440098
30780 10959704 0.645476981126254 0.15846859780467876 0.42672000000000004 3.1738389325620426 4.048653824440098
30781 10959704 0.6454038193600911 0.15849250443577478 0.42672000000000004 3.1738389325620426 4.048653824440098
30782 10959704 0.6453306575939282 0.15851641106687084 0.42672000000000004 3.1738389325620426 4.048653824440098
30783 10959704 0.6452574958277651 0.15854031769796686 0.42672000000000004 3.1738389325620426 4.048653824440098
30784 10959704 0.6451843340616022 0.15856422432906292 0.42672000000000004 3.1738389325620426 4.048653824440098
30785 10959704 0.6451111722954394 0.15858813096015895 0.42672000000000004 3.1738389325620426 4.048653824440098
30786 10959704 0.6450380105292765 0.158612037591255 0.42672000000000004 3.1738389325620426 4.048653824440098
30787 10959704 0.6449648487631136 0.15863594422235103 0.42672000000000004 3.1738389325620426 4.048653824440098
30788 10959704 0.6448916869969507 0.15865985085344708 0.42672000000000004 3.1738389325620426 4.048653824440098
30789 10959704 0.6448185252307876 0.1586837574845431 0.42672000000000004 3.1738389325620426 4.048653824440098
30790 10959704 0.6447453634646247 0.15870766411563914 0.42672000000000004 3.1738389325620426 4.048653824440098
30791 10959704 0.6446722016984618 0.1587315707467352 0.42672000000000004 3.1738389325620426 4.048653824440098
30792 10959704 0.644599039932299 0.15875547737783122 0.42672000000000004 3.1738389325620426 4.048653824440098
30793 10959704 0.644525878166136 0.15877938400892727 0.42672000000000004 3.1738389325620426 4.048653824440098
30794 10959704 0.6444527163999731 0.1588032906400233 0.42672000000000004 3.1738389325620426 4.048653824440098
30795 10959704 0.6443795546338102 0.15882719727111935 0.42672000000000004 3.1738389325620426 4.048653824440098
30796 10959704 0.6443063928676472 0.15885110390221538 0.42672000000000004 3.1738389325620426 4.048653824440098
30797 10959704 0.6442332311014843 0.15887501053331143 0.42672000000000004 3.1738389325620426 4.048653824440098
30798 10959704 0.6441600693353214 0.15889891716440746 0.42672000000000004 3.1738389325620426 4.048653824440098
30799 10959704 0.6440869075691585 0.15892282379550352 0.42672000000000004 3.1738389325620426 4.048653824440098
30800 10959704 0.6440137458029956 0.15894673042659954 0.42672000000000004 3.1738389325620426 4.048653824440098
30801 10959704 0.6439405840368327 0.1589706370576956 0.42672000000000004 3.1738389325620426 4.048653824440098
30802 10959704 0.6438674222706698 0.15899454368879162 0.42672000000000004 3.1738389325620426 4.048653824440098
30803 10959704 0.6437942605045068 0.15901845031988768 0.42672000000000004 3.1738389325620426 4.048653824440098
30804 10959704 0.6437210987383439 0.1590423569509837 0.42672000000000004 3.1738389325620426 4.048653824440098
30805 10959704 0.643647936972181 0.15906626358207976 0.42672000000000004 3.1738389325620426 4.048653824440098
30806 10959704 0.6435747752060181 0.15909017021317579 0.42672000000000004 3.1738389325620426 4.048653824440098
30807 10959704 0.643526962244565 0.15908412409652506 0.42672000000000004 3.1738389325620426 4.048653824440098
30808 10959704 0.6434791492831119 0.1590780779798743 0.42672000000000004 3.1738389325620426 4.048653824440098
30809 10959704 0.6434313363216588 0.15907203186322358 0.42672000000000004 3.1738389325620426 4.048653824440098
30810 10959704 0.6433835233602057 0.15906598574657282 0.42672000000000004 3.1738389325620426 4.048653824440098
30811 10959704 0.6433357103987525 0.1590599396299221 0.42672000000000004 3.1738389325620426 4.048653824440098
30812 10959704 0.6432878974372994 0.15905389351327134 0.42672000000000004 3.1738389325620426 4.048653824440098
30813 10959704 0.6432400844758464 0.15904784739662062 0.42672000000000004 3.1738389325620426 4.048653824440098
30814 10959704 0.6431922715143932 0.1590418012799699 0.42672000000000004 3.1738389325620426 4.048653824440098
30815 10959704 0.64314445855294 0.15903575516331914 0.42672000000000004 3.1738389325620426 4.048653824440098
30816 10959704 0.6430966455914869 0.1590297090466684 0.42672000000000004 3.1738389325620426 4.048653824440098
30817 10959704 0.6430488326300339 0.15902366293001766 0.42672000000000004 3.1738389325620426 4.048653824440098
30818 10959704 0.6430010196685807 0.15901761681336693 0.42672000000000004 3.1738389325620426 4.048653824440098
30819 10959704 0.6429532067071275 0.1590115706967162 0.42672000000000004 3.1738389325620426 4.048653824440098
30820 10959704 0.6429053937456745 0.15900552458006545 0.42672000000000004 3.1738389325620426 4.048653824440098
30821 10959704 0.6428575807842214 0.15899947846341472 0.42672000000000004 3.1738389325620426 4.048653824440098
30822 10959704 0.6428097678227682 0.15899343234676397 0.42672000000000004 3.1738389325620426 4.048653824440098
30823 10959704 0.642761954861315 0.15898738623011324 0.42672000000000004 3.1738389325620426 4.048653824440098
30824 10959704 0.642714141899862 0.1589813401134625 0.42672000000000004 3.1738389325620426 4.048653824440098
30825 10959704 0.6426663289384089 0.15897529399681176 0.42672000000000004 3.1738389325620426 4.048653824440098
30826 10959704 0.6426185159769557 0.15896924788016104 0.42672000000000004 3.1738389325620426 4.048653824440098
30827 10959704 0.6425707030155026 0.15896320176351028 0.42672000000000004 3.1738389325620426 4.048653824440098
30828 10959704 0.6425228900540495 0.15895715564685955 0.42672000000000004 3.1738389325620426 4.048653824440098
30829 10959704 0.6424750770925964 0.1589511095302088 0.42672000000000004 3.1738389325620426 4.048653824440098
30830 10959704 0.6424272641311433 0.15894506341355807 0.42672000000000004 3.1738389325620426 4.048653824440098
30831 10959704 0.6423794511696901 0.15893901729690735 0.42672000000000004 3.1738389325620426 4.048653824440098
30832 10959704 0.642331638208237 0.1589329711802566 0.42672000000000004 3.1738389325620426 4.048653824440098
30833 10959704 0.642283825246784 0.15892692506360587 0.42672000000000004 3.1738389325620426 4.048653824440098
30834 10959704 0.6422360122853308 0.1589208789469551 0.42672000000000004 3.1738389325620426 4.048653824440098
30835 10959704 0.6421881993238776 0.1589148328303044 0.42672000000000004 3.1738389325620426 4.048653824440098
30836 10959704 0.6421403863624245 0.15890878671365363 0.42672000000000004 3.1738389325620426 4.048653824440098
30837 10959704 0.6420925734009715 0.1589027405970029 0.42672000000000004 3.1738389325620426 4.048653824440098
30838 10959704 0.6420447604395183 0.15889669448035218 0.42672000000000004 3.1738389325620426 4.048653824440098
30839 10959704 0.6419969474780651 0.15889064836370143 0.42672000000000004 3.1738389325620426 4.048653824440098
30840 10959704 0.6419491345166121 0.1588846022470507 0.42672000000000004 3.1738389325620426 4.048653824440098
30841 10959704 0.641901321555159 0.15887855613039994 0.42672000000000004 3.1738389325620426 4.048653824440098
30842 10959704 0.6418535085937058 0.15887251001374922 0.42672000000000004 3.1738389325620426 4.048653824440098
30843 10959704 0.6418056956322526 0.15886646389709846 0.42672000000000004 3.1738389325620426 4.048653824440098
30844 10959704 0.6417578826707996 0.15886041778044774 0.42672000000000004 3.1738389325620426 4.048653824440098
30845 10959704 0.6417100697093465 0.158854371663797 0.42672000000000004 3.1738389325620426 4.048653824440098
30846 10959704 0.6416622567478933 0.15884832554714626 0.42672000000000004 3.1738389325620426 4.048653824440098
30847 10959704 0.6416144437864402 0.15884227943049553 0.42672000000000004 3.1738389325620426 4.048653824440098
30848 10959704 0.6415666308249871 0.15883623331384478 0.42672000000000004 3.1738389325620426 4.048653824440098
30849 10959704 0.641518817863534 0.15883018719719405 0.42672000000000004 3.1738389325620426 4.048653824440098
30850 10959704 0.6414710049020809 0.15882414108054332 0.42672000000000004 3.1738389325620426 4.048653824440098
30851 10959704 0.6414231919406277 0.15881809496389257 0.42672000000000004 3.1738389325620426 4.048653824440098
30852 10959704 0.6413753789791746 0.15881204884724184 0.42672000000000004 3.1738389325620426 4.048653824440098
30853 10959704 0.6413275660177216 0.1588060027305911 0.42672000000000004 3.1738389325620426 4.048653824440098
30854 10959704 0.6412797530562684 0.15879995661394036 0.42672000000000004 3.1738389325620426 4.048653824440098
30855 10959704 0.6412319400948152 0.1587939104972896 0.42672000000000004 3.1738389325620426 4.048653824440098
30856 10959704 0.6411841271333621 0.15878786438063888 0.42672000000000004 3.1738389325620426 4.048653824440098
30857 10959704 0.6411363141719091 0.15878181826398816 0.42672000000000004 3.1738389325620426 4.048653824440098
30858 10959704 0.6410885012104559 0.1587757721473374 0.42672000000000004 3.1738389325620426 4.048653824440098
30859 10959704 0.6410406882490027 0.15876972603068668 0.42672000000000004 3.1738389325620426 4.048653824440098
30860 10959704 0.6409928752875497 0.15876367991403592 0.42672000000000004 3.1738389325620426 4.048653824440098
30861 10959704 0.6409450623260966 0.1587576337973852 0.42672000000000004 3.1738389325620426 4.048653824440098
30862 10959704 0.6408972493646434 0.15875158768073447 0.42672000000000004 3.1738389325620426 4.048653824440098
30863 10959704 0.6408494364031903 0.15874554156408371 0.42672000000000004 3.1738389325620426 4.048653824440098
30864 10959704 0.6408016234417372 0.158739495447433 0.42672000000000004 3.1738389325620426 4.048653824440098
30865 10959704 0.6407538104802841 0.15873344933078223 0.42672000000000004 3.1738389325620426 4.048653824440098
30866 10959704 0.640705997518831 0.1587274032141315 0.42672000000000004 3.1738389325620426 4.048653824440098
