44806 11330440 0.9042795874688 -0.21886008850466163 0.381 0.0 0.0
44807 11330440 0.9033391768319582 -0.21902015130394673 0.381 0.0 0.0
44808 11330440 0.9023611926571717 -0.21838909806836215 0.381 0.0 0.0
44809 11330440 0.9013832084823853 -0.21775804483277755 0.381 0.0 0.0
44810 11330440 0.9004052243075988 -0.21712699159719298 0.381 0.0 0.0
44811 11330440 0.9009482954416239 -0.217333624619965 0.381 0.0 0.0
44812 11330440 0.9014913665756491 -0.21754025764273704 0.381 0.0 0.0
44813 11330440 0.9020344377096742 -0.21774689066550906 0.381 0.0 0.0
44814 11330440 0.9025775088436994 -0.21795352368828108 0.381 0.0 0.0
44815 11330440 0.9031205799777244 -0.21816015671105313 0.381 0.0 0.0
44816 11330440 0.9036636511117495 -0.21836678973382515 0.381 0.0 0.0
44817 11330440 0.9042067222457747 -0.21857342275659716 0.381 0.0 0.0
44818 11330440 0.9047497933797998 -0.2187800557793692 0.381 0.0 0.0
44819 11330440 0.9052928645138248 -0.21898668880214123 0.381 0.0 0.0
44820 11330440 0.90583593564785 -0.21919332182491325 0.381 0.0 0.0
44821 11330440 0.9063790067818751 -0.21939995484768526 0.381 0.0 0.0
44822 11330440 0.9069220779159002 -0.2196065878704573 0.381 0.0 0.0
44823 11330440 0.9074651490499254 -0.21981322089322933 0.381 0.0 0.0
44824 11330440 0.9080082201839504 -0.22001985391600135 0.381 0.0 0.0
44825 11330440 0.9085512913179756 -0.2202264869387734 0.381 0.0 0.0
44826 11330440 0.9090943624520007 -0.2204331199615454 0.381 0.0 0.0
44827 11330440 0.9092989970644154 -0.22028116428952957 0.3810052049180328 0.0 0.0
44828 11330440 0.9095036316768301 -0.22012920861751373 0.3810104098360656 0.0 0.0
44829 11330440 0.909708266289245 -0.2199772529454979 0.38101561475409834 0.0 0.0
44830 11330440 0.9099129009016597 -0.21982529727348205 0.38102081967213114 0.0 0.0
44831 11330440 0.9101175355140744 -0.2196733416014662 0.38102602459016394 0.0 0.0
44832 11330440 0.9103221701264891 -0.21952138592945034 0.38103122950819673 0.0 0.0
44833 11330440 0.9105268047389039 -0.2193694302574345 0.38103643442622953 0.0 0.0
44834 11330440 0.9107314393513186 -0.21921747458541865 0.3810416393442623 0.0 0.0
44835 11330440 0.9109360739637333 -0.2190655189134028 0.38104684426229507 0.0 0.0
44836 11330440 0.911140708576148 -0.21891356324138697 0.38105204918032787 0.0 0.0
44837 11330440 0.9113453431885629 -0.21876160756937113 0.38105725409836066 0.0 0.0
44838 11330440 0.9115499778009776 -0.2186096518973553 0.38106245901639346 0.0 0.0
44839 11330440 0.9117546124133923 -0.21845769622533945 0.38106766393442626 0.0 0.0
44840 11330440 0.911959247025807 -0.2183057405533236 0.381072868852459 0.0 0.0
44841 11330440 0.9121638816382218 -0.21815378488130777 0.3810780737704918 0.0 0.0
44842 11330440 0.9123685162506365 -0.2180018292092919 0.3810832786885246 0.0 0.0
44843 11330440 0.9125731508630512 -0.21784987353727606 0.3810884836065574 0.0 0.0
44844 11330440 0.912777785475466 -0.21769791786526022 0.3810936885245902 0.0 0.0
44845 11330440 0.9129824200878807 -0.21754596219324437 0.38109889344262293 0.0 0.0
44846 11330440 0.9131870547002955 -0.21739400652122853 0.38110409836065573 0.0 0.0
44847 11330440 0.9133916893127102 -0.2172420508492127 0.3811093032786885 0.0 0.0
44848 11330440 0.9135963239251249 -0.21709009517719685 0.3811145081967213 0.0 0.0
44849 11330440 0.9138009585375396 -0.216938139505181 0.3811197131147541 0.0 0.0
44850 11330440 0.9140055931499544 -0.21678618383316517 0.38112491803278686 0.0 0.0
44851 11330440 0.9142102277623692 -0.21663422816114933 0.38113012295081966 0.0 0.0
44852 11330440 0.9144148623747839 -0.2164822724891335 0.38113532786885246 0.0 0.0
44853 11330440 0.9146194969871986 -0.21633031681711762 0.38114053278688526 0.0 0.0
44854 11330440 0.9148241315996134 -0.21617836114510178 0.38114573770491805 0.0 0.0
44855 11330440 0.9150287662120281 -0.21602640547308594 0.38115094262295085 0.0 0.0
44856 11330440 0.9152334008244428 -0.2158744498010701 0.3811561475409836 0.0 0.0
44857 11330440 0.9154380354368575 -0.21572249412905425 0.3811613524590164 0.0 0.0
44858 11330440 0.9156426700492722 -0.2155705384570384 0.3811665573770492 0.0 0.0
44859 11330440 0.9158473046616871 -0.21541858278502257 0.381171762295082 0.0 0.0
44860 11330440 0.9160519392741018 -0.21526662711300673 0.3811769672131148 0.0 0.0
44861 11330440 0.9162565738865165 -0.2151146714409909 0.3811821721311475 0.0 0.0
44862 11330440 0.9164612084989312 -0.21496271576897505 0.3811873770491803 0.0 0.0
44863 11330440 0.916665843111346 -0.21481076009695918 0.3811925819672131 0.0 0.0
44864 11330440 0.9168704777237607 -0.21465880442494334 0.3811977868852459 0.0 0.0
44865 11330440 0.9170751123361754 -0.2145068487529275 0.3812029918032787 0.0 0.0
44866 11330440 0.9172797469485902 -0.21435489308091166 0.38120819672131145 0.0 0.0
44867 11330440 0.917484381561005 -0.21420293740889582 0.38121340163934425 0.0 0.0
44868 11330440 0.9176890161734197 -0.21405098173687997 0.38121860655737705 0.0 0.0
44869 11330440 0.9178936507858344 -0.21389902606486413 0.38122381147540985 0.0 0.0
44870 11330440 0.9180982853982491 -0.2137470703928483 0.38122901639344264 0.0 0.0
44871 11330440 0.9183029200106639 -0.21359511472083245 0.38123422131147544 0.0 0.0
44872 11330440 0.9185075546230786 -0.2134431590488166 0.3812394262295082 0.0 0.0
44873 11330440 0.9187121892354934 -0.21329120337680074 0.381244631147541 0.0 0.0
44874 11330440 0.9189168238479081 -0.2131392477047849 0.3812498360655738 0.0 0.0
44875 11330440 0.9191214584603228 -0.21298729203276906 0.3812550409836066 0.0 0.0
44876 11330440 0.9193260930727376 -0.21283533636075322 0.38126024590163937 0.0 0.0
44877 11330440 0.9195307276851523 -0.21268338068873738 0.3812654508196721 0.0 0.0
44878 11330440 0.919735362297567 -0.21253142501672154 0.3812706557377049 0.0 0.0
44879 11330440 0.9199399969099817 -0.2123794693447057 0.3812758606557377 0.0 0.0
44880 11330440 0.9201446315223966 -0.21222751367268985 0.3812810655737705 0.0 0.0
44881 11330440 0.9203492661348113 -0.212075558000674 0.3812862704918033 0.0 0.0
44882 11330440 0.920553900747226 -0.21192360232865817 0.38129147540983604 0.0 0.0
44883 11330440 0.9207585353596407 -0.21177164665664233 0.38129668032786884 0.0 0.0
44884 11330440 0.9209631699720555 -0.21161969098462646 0.38130188524590164 0.0 0.0
44885 11330440 0.9211678045844702 -0.21146773531261062 0.38130709016393444 0.0 0.0
44886 11330440 0.9213724391968849 -0.21131577964059478 0.38131229508196723 0.0 0.0
