17059 11072258 1.0331312738395813 -0.07674158253329827 0.3507316666666667 7.047216668665513 1.4858821926663475
17060 11072258 1.0330039810097305 -0.07660264147754674 0.3509433333333334 7.047216668665513 1.4858821926663475
17061 11072258 1.0328766881798797 -0.07646370042179519 0.35115500000000005 7.047216668665513 1.4858821926663475
17062 11072258 1.0327493953500289 -0.07632475936604366 0.3513666666666667 7.047216668665513 1.4858821926663475
17063 11072258 1.032622102520178 -0.07618581831029211 0.3515783333333334 7.047216668665513 1.4858821926663475
17064 11072258 1.0324948096903273 -0.07604687725454057 0.35179000000000005 7.047216668665513 1.4858821926663475
17065 11072258 1.0323675168604765 -0.07590793619878904 0.3520016666666667 7.047216668665513 1.4858821926663475
17066 11072258 1.0322402240306257 -0.07576899514303749 0.3522133333333334 7.047216668665513 1.4858821926663475
17067 11072258 1.0321129312007749 -0.07563005408728596 0.35242500000000004 7.047216668665513 1.4858821926663475
17068 11072258 1.031985638370924 -0.07549111303153441 0.3526366666666667 7.047216668665513 1.4858821926663475
17069 11072258 1.0318583455410733 -0.07535217197578287 0.3528483333333334 7.047216668665513 1.4858821926663475
17070 11072258 1.0317310527112225 -0.07521323092003133 0.35306000000000004 7.047216668665513 1.4858821926663475
17071 11072258 1.0316037598813717 -0.07507428986427979 0.3532716666666667 7.047216668665513 1.4858821926663475
17072 11072258 1.0314764670515209 -0.07493534880852824 0.35348333333333337 7.047216668665513 1.4858821926663475
17073 11072258 1.03134917422167 -0.07479640775277671 0.35369500000000004 7.047216668665513 1.4858821926663475
17074 11072258 1.0312218813918193 -0.07465746669702517 0.3539066666666667 7.047216668665513 1.4858821926663475
17075 11072258 1.0310945885619685 -0.07451852564127363 0.35411833333333337 7.047216668665513 1.4858821926663475
17076 11072258 1.0309672957321174 -0.07437958458552209 0.35433000000000003 7.047216668665513 1.4858821926663475
17077 11072258 1.0308400029022666 -0.07424064352977054 0.35454166666666675 7.047216668665513 1.4858821926663475
17078 11072258 1.0307127100724158 -0.07410170247401901 0.3547533333333334 7.047216668665513 1.4858821926663475
17079 11072258 1.030585417242565 -0.07396276141826746 0.3549650000000001 7.047216668665513 1.4858821926663475
17080 11072258 1.0304581244127142 -0.07382382036251593 0.35517666666666675 7.047216668665513 1.4858821926663475
17081 11072258 1.0303308315828634 -0.07368487930676439 0.3553883333333334 7.047216668665513 1.4858821926663475
17082 11072258 1.0302035387530126 -0.07354593825101284 0.3556000000000001 7.047216668665513 1.4858821926663475
17083 11072258 1.0300762459231618 -0.07340699719526131 0.35581166666666675 7.047216668665513 1.4858821926663475
17084 11072258 1.029948953093311 -0.07326805613950976 0.3560233333333334 7.047216668665513 1.4858821926663475
17085 11072258 1.0298216602634602 -0.07312911508375822 0.3562350000000001 7.047216668665513 1.4858821926663475
17086 11072258 1.0296943674336094 -0.07299017402800669 0.35644666666666674 7.047216668665513 1.4858821926663475
17087 11072258 1.0295670746037586 -0.07285123297225514 0.3566583333333334 7.047216668665513 1.4858821926663475
17088 11072258 1.0294397817739078 -0.07271229191650361 0.3568700000000001 7.047216668665513 1.4858821926663475
17089 11072258 1.029312488944057 -0.07257335086075206 0.35708166666666674 7.047216668665513 1.4858821926663475
17090 11072258 1.0291851961142062 -0.07243440980500052 0.3572933333333334 7.047216668665513 1.4858821926663475
17091 11072258 1.0290579032843554 -0.07229546874924898 0.3575050000000001 7.047216668665513 1.4858821926663475
17092 11072258 1.0289306104545046 -0.07215652769349744 0.35771666666666674 7.047216668665513 1.4858821926663475
17093 11072258 1.0288033176246538 -0.0720175866377459 0.3579283333333334 7.047216668665513 1.4858821926663475
17094 11072258 1.028676024794803 -0.07187864558199436 0.35814000000000007 7.047216668665513 1.4858821926663475
17095 11072258 1.0286866358816036 -0.07184616585471151 0.3580227692307693 7.047216668665513 1.4858821926663475
17096 11072258 1.028697246968404 -0.07181368612742867 0.35790553846153855 7.047216668665513 1.4858821926663475
17097 11072258 1.0287078580552045 -0.0717812064001458 0.35778830769230774 7.047216668665513 1.4858821926663475
17098 11072258 1.028718469142005 -0.07174872667286296 0.357671076923077 7.047216668665513 1.4858821926663475
17099 11072258 1.0287290802288056 -0.07171624694558011 0.3575538461538462 7.047216668665513 1.4858821926663475
17100 11072258 1.028739691315606 -0.07168376721829726 0.35743661538461546 7.047216668665513 1.4858821926663475
17101 11072258 1.0287503024024065 -0.0716512874910144 0.3573193846153847 7.047216668665513 1.4858821926663475
17102 11072258 1.028760913489207 -0.07161880776373156 0.3572021538461539 7.047216668665513 1.4858821926663475
17103 11072258 1.0287715245760074 -0.07158632803644871 0.35708492307692313 7.047216668665513 1.4858821926663475
17104 11072258 1.028782135662808 -0.07155384830916586 0.3569676923076924 7.047216668665513 1.4858821926663475
17105 11072258 1.0287927467496085 -0.071521368581883 0.3568504615384616 7.047216668665513 1.4858821926663475
17106 11072258 1.0288033578364089 -0.07148888885460015 0.35673323076923086 7.047216668665513 1.4858821926663475
17107 11072258 1.0288139689232094 -0.07145640912731731 0.35661600000000004 7.047216668665513 1.4858821926663475
17108 11072258 1.02882458001001 -0.07142392940003446 0.3564987692307693 7.047216668665513 1.4858821926663475
17109 11072258 1.0288351910968105 -0.0713914496727516 0.3563815384615385 7.047216668665513 1.4858821926663475
17110 11072258 1.0288458021836109 -0.07135896994546875 0.35626430769230777 7.047216668665513 1.4858821926663475
17111 11072258 1.0288564132704114 -0.0713264902181859 0.356147076923077 7.047216668665513 1.4858821926663475
17112 11072258 1.028867024357212 -0.07129401049090306 0.3560298461538462 7.047216668665513 1.4858821926663475
17113 11072258 1.0288776354440123 -0.0712615307636202 0.35591261538461544 7.047216668665513 1.4858821926663475
17114 11072258 1.028888246530813 -0.07122905103633735 0.3557953846153847 7.047216668665513 1.4858821926663475
17115 11072258 1.0288988576176135 -0.0711965713090545 0.3556781538461539 7.047216668665513 1.4858821926663475
17116 11072258 1.028909468704414 -0.07116409158177166 0.35556092307692316 7.047216668665513 1.4858821926663475
17117 11072258 1.0289200797912144 -0.0711316118544888 0.35544369230769235 7.047216668665513 1.4858821926663475
17118 11072258 1.028930690878015 -0.07109913212720595 0.3553264615384616 7.047216668665513 1.4858821926663475
17119 11072258 1.0289413019648155 -0.0710666523999231 0.35520923076923083 7.047216668665513 1.4858821926663475
17120 11072258 1.0289519130516158 -0.07103417267264026 0.3550920000000001 7.047216668665513 1.4858821926663475
17121 11072258 1.0289625241384164 -0.0710016929453574 0.3549747692307693 7.047216668665513 1.4858821926663475
17122 11072258 1.028973135225217 -0.07096921321807455 0.3548575384615385 7.047216668665513 1.4858821926663475
17123 11072258 1.0289837463120175 -0.0709367334907917 0.35474030769230774 7.047216668665513 1.4858821926663475
17124 11072258 1.0289943573988178 -0.07090425376350885 0.354623076923077 7.047216668665513 1.4858821926663475
17125 11072258 1.0290049684856184 -0.07087177403622599 0.3545058461538462 7.047216668665513 1.4858821926663475
17126 11072258 1.029015579572419 -0.07083929430894315 0.35438861538461547 7.047216668665513 1.4858821926663475
17127 11072258 1.0290261906592193 -0.0708068145816603 0.35427138461538465 7.047216668665513 1.4858821926663475
17128 11072258 1.0290368017460199 -0.07077433485437745 0.3541541538461539 7.047216668665513 1.4858821926663475
17129 11072258 1.0290474128328204 -0.07074185512709459 0.35403692307692314 7.047216668665513 1.4858821926663475
17130 11072258 1.0290580239196208 -0.07070937539981174 0.3539196923076924 7.047216668665513 1.4858821926663475
17131 11072258 1.0290686350064213 -0.0706768956725289 0.3538024615384616 7.047216668665513 1.4858821926663475
17132 11072258 1.0290792460932219 -0.07064441594524605 0.3536852307692308 7.047216668665513 1.4858821926663475
17133 11072258 1.0290898571800224 -0.07061193621796319 0.35356800000000005 7.047216668665513 1.4858821926663475
17134 11072258 1.0291004682668228 -0.07057945649068034 0.3534507692307693 7.047216668665513 1.4858821926663475
17135 11072258 1.0291110793536233 -0.0705469767633975 0.35333353846153853 7.047216668665513 1.4858821926663475
17136 11072258 1.029121690440424 -0.07051449703611465 0.3532163076923078 7.047216668665513 1.4858821926663475
17137 11072258 1.0291323015272242 -0.07048201730883179 0.35309907692307696 7.047216668665513 1.4858821926663475
17138 11072258 1.0291429126140248 -0.07044953758154894 0.3529818461538462 7.047216668665513 1.4858821926663475
17139 11072258 1.0291535237008254 -0.0704170578542661 0.35286461538461544 7.047216668665513 1.4858821926663475
17140 11072258 1.029164134787626 -0.07038457812698325 0.3527473846153847 7.047216668665513 1.4858821926663475
17141 11072258 1.0291747458744263 -0.07035209839970039 0.3526301538461539 7.047216668665513 1.4858821926663475
17142 11072258 1.0291853569612268 -0.07031961867241754 0.3525129230769231 7.047216668665513 1.4858821926663475
17143 11072258 1.0291959680480274 -0.07028713894513469 0.35239569230769235 7.047216668665513 1.4858821926663475
17144 11072258 1.0292065791348277 -0.07025465921785184 0.3522784615384616 7.047216668665513 1.4858821926663475
17145 11072258 1.0292171902216283 -0.07022217949056898 0.35216123076923084 7.047216668665513 1.4858821926663475
17146 11072258 1.0292278013084288 -0.07018969976328614 0.3520440000000001 7.047216668665513 1.4858821926663475
17147 11072258 1.0292384123952294 -0.07015722003600329 0.35192676923076927 7.047216668665513 1.4858821926663475
17148 11072258 1.0292490234820297 -0.07012474030872044 0.3518095384615385 7.047216668665513 1.4858821926663475
17149 11072258 1.0292596345688303 -0.07009226058143758 0.35169230769230775 7.047216668665513 1.4858821926663475
17150 11072258 1.0292702456556309 -0.07005978085415474 0.351575076923077 7.047216668665513 1.4858821926663475
17151 11072258 1.0292808567424312 -0.07002730112687189 0.35145784615384623 7.047216668665513 1.4858821926663475
17152 11072258 1.0292914678292318 -0.06999482139958904 0.3513406153846154 7.047216668665513 1.4858821926663475
17153 11072258 1.0293020789160323 -0.06996234167230618 0.35122338461538466 7.047216668665513 1.4858821926663475
17154 11072258 1.0293126900028327 -0.06992986194502333 0.3511061538461539 7.047216668665513 1.4858821926663475
