21533 11072258 1.025213164720466 -0.11747758638880282 0.3658332692307692 4.772952055338863 1.9193175968131275
21534 11072258 1.025112858387897 -0.11744481651608861 0.3659065384615384 4.772952055338863 1.9193175968131275
21535 11072258 1.0250125520553277 -0.11741204664337439 0.36597980769230765 4.772952055338863 1.9193175968131275
21536 11072258 1.0249122457227584 -0.11737927677066017 0.36605307692307687 4.772952055338863 1.9193175968131275
21537 11072258 1.0248119393901893 -0.11734650689794594 0.36612634615384615 4.772952055338863 1.9193175968131275
21538 11072258 1.02471163305762 -0.11731373702523173 0.3661996153846154 4.772952055338863 1.9193175968131275
21539 11072258 1.0246113267250507 -0.11728096715251751 0.3662728846153846 4.772952055338863 1.9193175968131275
21540 11072258 1.0245110203924817 -0.11724819727980329 0.3663461538461538 4.772952055338863 1.9193175968131275
21541 11072258 1.0244107140599124 -0.11721542740708907 0.36641942307692305 4.772952055338863 1.9193175968131275
21542 11072258 1.024310407727343 -0.11718265753437486 0.36649269230769227 4.772952055338863 1.9193175968131275
21543 11072258 1.024210101394774 -0.11714988766166064 0.3665659615384615 4.772952055338863 1.9193175968131275
21544 11072258 1.0241097950622047 -0.11711711778894641 0.3666392307692308 4.772952055338863 1.9193175968131275
21545 11072258 1.0240094887296354 -0.11708434791623219 0.3667125 4.772952055338863 1.9193175968131275
21546 11072258 1.0239091823970663 -0.11705157804351798 0.3667857692307692 4.772952055338863 1.9193175968131275
21547 11072258 1.023808876064497 -0.11701880817080376 0.36685903846153844 4.772952055338863 1.9193175968131275
21548 11072258 1.0237085697319277 -0.11698603829808954 0.36693230769230767 4.772952055338863 1.9193175968131275
21549 11072258 1.0236082633993586 -0.11695326842537533 0.3670055769230769 4.772952055338863 1.9193175968131275
21550 11072258 1.0235079570667893 -0.11692049855266111 0.3670788461538461 4.772952055338863 1.9193175968131275
21551 11072258 1.02340765073422 -0.11688772867994689 0.36715211538461534 4.772952055338863 1.9193175968131275
21552 11072258 1.023307344401651 -0.11685495880723266 0.36722538461538456 4.772952055338863 1.9193175968131275
21553 11072258 1.0232070380690816 -0.11682218893451846 0.36729865384615384 4.772952055338863 1.9193175968131275
21554 11072258 1.0231067317365123 -0.11678941906180423 0.36737192307692307 4.772952055338863 1.9193175968131275
21555 11072258 1.0230064254039433 -0.11675664918909001 0.3674451923076923 4.772952055338863 1.9193175968131275
21556 11072258 1.022906119071374 -0.11672387931637579 0.3675184615384615 4.772952055338863 1.9193175968131275
21557 11072258 1.0228058127388047 -0.11669110944366158 0.36759173076923074 4.772952055338863 1.9193175968131275
21558 11072258 1.0227055064062356 -0.11665833957094736 0.36766499999999996 4.772952055338863 1.9193175968131275
21559 11072258 1.0226052000736663 -0.11662556969823314 0.3677382692307692 4.772952055338863 1.9193175968131275
21560 11072258 1.022504893741097 -0.11659279982551893 0.36781153846153847 4.772952055338863 1.9193175968131275
21561 11072258 1.022404587408528 -0.1165600299528047 0.3678848076923077 4.772952055338863 1.9193175968131275
21562 11072258 1.0223042810759586 -0.11652726008009048 0.3679580769230769 4.772952055338863 1.9193175968131275
21563 11072258 1.0222039747433893 -0.11649449020737626 0.36803134615384614 4.772952055338863 1.9193175968131275
21564 11072258 1.0221036684108202 -0.11646172033466205 0.36810461538461536 4.772952055338863 1.9193175968131275
21565 11072258 1.022003362078251 -0.11642895046194783 0.3681778846153846 4.772952055338863 1.9193175968131275
21566 11072258 1.0219030557456816 -0.11639618058923361 0.3682511538461538 4.772952055338863 1.9193175968131275
21567 11072258 1.0218027494131126 -0.11636341071651939 0.36832442307692304 4.772952055338863 1.9193175968131275
21568 11072258 1.0217024430805433 -0.11633064084380518 0.36839769230769226 4.772952055338863 1.9193175968131275
21569 11072258 1.021602136747974 -0.11629787097109096 0.36847096153846154 4.772952055338863 1.9193175968131275
21570 11072258 1.0215018304154049 -0.11626510109837673 0.36854423076923076 4.772952055338863 1.9193175968131275
21571 11072258 1.0214015240828356 -0.11623233122566251 0.3686175 4.772952055338863 1.9193175968131275
21572 11072258 1.0213012177502663 -0.1161995613529483 0.3686907692307692 4.772952055338863 1.9193175968131275
21573 11072258 1.0212009114176972 -0.11616679148023408 0.36876403846153843 4.772952055338863 1.9193175968131275
21574 11072258 1.021100605085128 -0.11613402160751986 0.36883730769230766 4.772952055338863 1.9193175968131275
21575 11072258 1.0210002987525586 -0.11610125173480565 0.3689105769230769 4.772952055338863 1.9193175968131275
21576 11072258 1.0208999924199895 -0.11606848186209143 0.36898384615384616 4.772952055338863 1.9193175968131275
21577 11072258 1.0207996860874202 -0.1160357119893772 0.3690571153846154 4.772952055338863 1.9193175968131275
21578 11072258 1.020699379754851 -0.11600294211666298 0.3691303846153846 4.772952055338863 1.9193175968131275
21579 11072258 1.0205990734222818 -0.11597017224394877 0.36920365384615383 4.772952055338863 1.9193175968131275
21580 11072258 1.0204987670897125 -0.11593740237123455 0.36927692307692306 4.772952055338863 1.9193175968131275
21581 11072258 1.0203984607571432 -0.11590463249852033 0.3693501923076923 4.772952055338863 1.9193175968131275
21582 11072258 1.0202981544245742 -0.11587186262580611 0.3694234615384615 4.772952055338863 1.9193175968131275
21583 11072258 1.0201978480920049 -0.1158390927530919 0.36949673076923073 4.772952055338863 1.9193175968131275
21584 11072258 1.0200975417594358 -0.11580632288037768 0.36956999999999995 4.772952055338863 1.9193175968131275
21585 11072258 1.0199972354268665 -0.11577355300766345 0.36964326923076923 4.772952055338863 1.9193175968131275
21586 11072258 1.0198969290942972 -0.11574078313494925 0.36971653846153846 4.772952055338863 1.9193175968131275
21587 11072258 1.019796622761728 -0.11570801326223502 0.3697898076923077 4.772952055338863 1.9193175968131275
21588 11072258 1.0196963164291588 -0.1156752433895208 0.3698630769230769 4.772952055338863 1.9193175968131275
21589 11072258 1.0195960100965895 -0.11564247351680658 0.36993634615384613 4.772952055338863 1.9193175968131275
21590 11072258 1.0194957037640204 -0.11560970364409237 0.37000961538461535 4.772952055338863 1.9193175968131275
21591 11072258 1.0193953974314511 -0.11557693377137815 0.3700828846153846 4.772952055338863 1.9193175968131275
21592 11072258 1.0192950910988818 -0.11554416389866393 0.37015615384615386 4.772952055338863 1.9193175968131275
