44597 10866934 0.9318723949581735 0.1575347412515125 0.36576 0.0 0.0
44598 10866934 0.9315514271645494 0.15763960888898562 0.36576 0.0 0.0
44599 10866934 0.9312304593709254 0.1577444765264587 0.36576 0.0 0.0
44600 10866934 0.9309094915773013 0.15784934416393182 0.36576 0.0 0.0
44601 10866934 0.9305885237836772 0.1579542118014049 0.36576 0.0 0.0
44602 10866934 0.9305897634512345 0.15795441182590822 0.36576 0.0 0.0
44603 10866934 0.9305910031187918 0.15795461185041154 0.36576 0.0 0.0
44604 10866934 0.9305922427863491 0.15795481187491484 0.36576 0.0 0.0
44605 10866934 0.9305934824539065 0.15795501189941816 0.36576 0.0 0.0
44606 10866934 0.9305947221214638 0.15795521192392148 0.36576 0.0 0.0
44607 10866934 0.930595961789021 0.1579554119484248 0.36576 0.0 0.0
44608 10866934 0.9305972014565784 0.1579556119729281 0.36576 0.0 0.0
44609 10866934 0.9305984411241357 0.15795581199743142 0.36576 0.0 0.0
44610 10866934 0.9305996807916931 0.15795601202193474 0.36576 0.0 0.0
44611 10866934 0.9306009204592504 0.15795621204643806 0.36576 0.0 0.0
44612 10866934 0.9306021601268077 0.15795641207094135 0.36576 0.0 0.0
44613 10866934 0.930603399794365 0.15795661209544468 0.36576 0.0 0.0
44614 10866934 0.9306046394619223 0.157956812119948 0.36576 0.0 0.0
44615 10866934 0.9306058791294797 0.15795701214445132 0.36576 0.0 0.0
44616 10866934 0.930607118797037 0.1579572121689546 0.36576 0.0 0.0
44617 10866934 0.9306083584645943 0.15795741219345794 0.36576 0.0 0.0
44618 10866934 0.9306095981321516 0.15795761221796126 0.36576 0.0 0.0
44619 10866934 0.9306108377997089 0.15795781224246458 0.36576 0.0 0.0
44620 10866934 0.9306120774672663 0.1579580122669679 0.36576 0.0 0.0
44621 10866934 0.9306133171348235 0.1579582122914712 0.36576 0.0 0.0
44622 10866934 0.9306145568023809 0.15795841231597452 0.36576 0.0 0.0
44623 10866934 0.9306157964699382 0.15795861234047784 0.36576 0.0 0.0
44624 10866934 0.9306170361374955 0.15795881236498116 0.36576 0.0 0.0
44625 10866934 0.9306182758050529 0.15795901238948445 0.36576 0.0 0.0
44626 10866934 0.9306195154726101 0.15795921241398778 0.36576 0.0 0.0
44627 10866934 0.9306207551401675 0.1579594124384911 0.36576 0.0 0.0
44628 10866934 0.9306219948077248 0.15795961246299442 0.36576 0.0 0.0
44629 10866934 0.9306232344752822 0.1579598124874977 0.36576 0.0 0.0
44630 10866934 0.9306244741428394 0.15796001251200104 0.36576 0.0 0.0
44631 10866934 0.9306257138103967 0.15796021253650436 0.36576 0.0 0.0
44632 10866934 0.9306269534779541 0.15796041256100768 0.36576 0.0 0.0
44633 10866934 0.9306281931455114 0.15796061258551097 0.36576 0.0 0.0
44634 10866934 0.9306294328130688 0.1579608126100143 0.36576 0.0 0.0
44635 10866934 0.930630672480626 0.15796101263451762 0.36576 0.0 0.0
44636 10866934 0.9306319121481833 0.15796121265902094 0.36576 0.0 0.0
44637 10866934 0.9306331518157407 0.15796141268352426 0.36576 0.0 0.0
44638 10866934 0.930634391483298 0.15796161270802755 0.36576 0.0 0.0
44639 10866934 0.9306356311508553 0.15796181273253088 0.36576 0.0 0.0
44640 10866934 0.9306368708184126 0.1579620127570342 0.36576 0.0 0.0
44641 10866934 0.9306381104859699 0.15796221278153752 0.36576 0.0 0.0
44642 10866934 0.9306393501535273 0.15796241280604081 0.36576 0.0 0.0
44643 10866934 0.9306405898210846 0.15796261283054414 0.36576 0.0 0.0
44644 10866934 0.9306418294886419 0.15796281285504746 0.36576 0.0 0.0
44645 10866934 0.9306430691561992 0.15796301287955078 0.36576 0.0 0.0
44646 10866934 0.9306443088237566 0.15796321290405407 0.36576 0.0 0.0
44647 10866934 0.9306455484913139 0.1579634129285574 0.36576 0.0 0.0
44648 10866934 0.9306467881588711 0.15796361295306072 0.36576 0.0 0.0
44649 10866934 0.9306480278264285 0.15796381297756404 0.36576 0.0 0.0
44650 10866934 0.9306492674939858 0.15796401300206733 0.36576 0.0 0.0
44651 10866934 0.9306505071615432 0.15796421302657065 0.36576 0.0 0.0
44652 10866934 0.9306517468291005 0.15796441305107398 0.36576 0.0 0.0
44653 10866934 0.9306529864966577 0.1579646130755773 0.36576 0.0 0.0
44654 10866934 0.9306542261642151 0.15796481310008062 0.36576 0.0 0.0
44655 10866934 0.9306554658317724 0.15796501312458391 0.36576 0.0 0.0
44656 10866934 0.9306567054993298 0.15796521314908724 0.36576 0.0 0.0
44657 10866934 0.930657945166887 0.15796541317359056 0.36576 0.0 0.0
44658 10866934 0.9306591848344443 0.15796561319809388 0.36576 0.0 0.0
44659 10866934 0.9306604245020017 0.15796581322259717 0.36576 0.0 0.0
44660 10866934 0.930661664169559 0.1579660132471005 0.36576 0.0 0.0
44661 10866934 0.9306629038371164 0.15796621327160382 0.36576 0.0 0.0
