53677 10866934 0.941724138007035 0.1597300293748687 0.3655967142857143 0.6390847452722224 1.9560027878201858
53678 10866934 0.941609769147721 0.15969062458074648 0.3654334285714285 0.6390847452722224 1.9560027878201858
53679 10866934 0.941495400288407 0.15965121978662425 0.3652701428571428 0.6390847452722224 1.9560027878201858
53680 10866934 0.9413810314290929 0.15961181499250204 0.3651068571428571 0.6390847452722224 1.9560027878201858
53681 10866934 0.9412666625697789 0.15957241019837984 0.3649435714285714 0.6390847452722224 1.9560027878201858
53682 10866934 0.9411522937104648 0.15953300540425763 0.36478028571428567 0.6390847452722224 1.9560027878201858
53683 10866934 0.9410379248511508 0.15949360061013543 0.36461699999999997 0.6390847452722224 1.9560027878201858
53684 10866934 0.9409235559918367 0.1594541958160132 0.36445371428571427 0.6390847452722224 1.9560027878201858
53685 10866934 0.9408091871325227 0.159414791021891 0.36429042857142857 0.6390847452722224 1.9560027878201858
53686 10866934 0.9406948182732087 0.15937538622776878 0.3641271428571428 0.6390847452722224 1.9560027878201858
53687 10866934 0.9405804494138946 0.15933598143364658 0.3639638571428571 0.6390847452722224 1.9560027878201858
53688 10866934 0.9404660805545806 0.15929657663952437 0.3638005714285714 0.6390847452722224 1.9560027878201858
53689 10866934 0.9403517116952665 0.15925717184540214 0.3636372857142857 0.6390847452722224 1.9560027878201858
53690 10866934 0.9402373428359525 0.15921776705127993 0.36347399999999996 0.6390847452722224 1.9560027878201858
53691 10866934 0.9401229739766385 0.15917836225715773 0.36331071428571426 0.6390847452722224 1.9560027878201858
53692 10866934 0.9400086051173244 0.15913895746303552 0.36314742857142857 0.6390847452722224 1.9560027878201858
53693 10866934 0.9398942362580104 0.1590995526689133 0.36298414285714287 0.6390847452722224 1.9560027878201858
53694 10866934 0.9397798673986965 0.15906014787479109 0.3628208571428571 0.6390847452722224 1.9560027878201858
53695 10866934 0.9396654985393824 0.15902074308066888 0.3626575714285714 0.6390847452722224 1.9560027878201858
53696 10866934 0.9395511296800684 0.15898133828654668 0.3624942857142857 0.6390847452722224 1.9560027878201858
53697 10866934 0.9394367608207543 0.15894193349242447 0.36233099999999996 0.6390847452722224 1.9560027878201858
53698 10866934 0.9393223919614403 0.15890252869830224 0.36216771428571426 0.6390847452722224 1.9560027878201858
53699 10866934 0.9392080231021263 0.15886312390418003 0.36200442857142856 0.6390847452722224 1.9560027878201858
53700 10866934 0.9390936542428122 0.15882371911005783 0.36184114285714286 0.6390847452722224 1.9560027878201858
53701 10866934 0.9389792853834982 0.15878431431593562 0.3616778571428571 0.6390847452722224 1.9560027878201858
53702 10866934 0.9388649165241841 0.15874490952181342 0.3615145714285714 0.6390847452722224 1.9560027878201858
53703 10866934 0.9387505476648701 0.15870550472769118 0.3613512857142857 0.6390847452722224 1.9560027878201858
53704 10866934 0.938636178805556 0.15866609993356898 0.361188 0.6390847452722224 1.9560027878201858
53705 10866934 0.938521809946242 0.15862669513944677 0.36102471428571425 0.6390847452722224 1.9560027878201858
53706 10866934 0.938407441086928 0.15858729034532457 0.36086142857142856 0.6390847452722224 1.9560027878201858
53707 10866934 0.9382930722276139 0.15854788555120236 0.36069814285714286 0.6390847452722224 1.9560027878201858
53708 10866934 0.9381787033682999 0.15850848075708013 0.36053485714285716 0.6390847452722224 1.9560027878201858
53709 10866934 0.9380643345089859 0.15846907596295792 0.3603715714285714 0.6390847452722224 1.9560027878201858
53710 10866934 0.9379499656496718 0.15842967116883572 0.3602082857142857 0.6390847452722224 1.9560027878201858
53711 10866934 0.9378355967903578 0.1583902663747135 0.360045 0.6390847452722224 1.9560027878201858
53712 10866934 0.9377212279310437 0.1583508615805913 0.35988171428571425 0.6390847452722224 1.9560027878201858
53713 10866934 0.9376068590717297 0.15831145678646907 0.35971842857142855 0.6390847452722224 1.9560027878201858
53714 10866934 0.9374924902124157 0.15827205199234687 0.35955514285714285 0.6390847452722224 1.9560027878201858
53715 10866934 0.9373781213531016 0.15823264719822466 0.35939185714285715 0.6390847452722224 1.9560027878201858
53716 10866934 0.9372637524937876 0.15819324240410246 0.3592285714285714 0.6390847452722224 1.9560027878201858
53717 10866934 0.9371493836344735 0.15815383760998025 0.3590652857142857 0.6390847452722224 1.9560027878201858
53718 10866934 0.9370350147751595 0.15811443281585802 0.358902 0.6390847452722224 1.9560027878201858
53719 10866934 0.9369206459158455 0.15807502802173581 0.3587387142857143 0.6390847452722224 1.9560027878201858
53720 10866934 0.9368062770565314 0.1580356232276136 0.35857542857142854 0.6390847452722224 1.9560027878201858
53721 10866934 0.9366919081972174 0.1579962184334914 0.35841214285714285 0.6390847452722224 1.9560027878201858
53722 10866934 0.9365775393379033 0.15795681363936917 0.35824885714285715 0.6390847452722224 1.9560027878201858
53723 10866934 0.9364631704785893 0.15791740884524696 0.35808557142857145 0.6390847452722224 1.9560027878201858
53724 10866934 0.9363488016192753 0.15787800405112476 0.3579222857142857 0.6390847452722224 1.9560027878201858
53725 10866934 0.9362344327599612 0.15783859925700255 0.357759 0.6390847452722224 1.9560027878201858
53726 10866934 0.9361200639006472 0.15779919446288035 0.3575957142857143 0.6390847452722224 1.9560027878201858
53727 10866934 0.9360056950413331 0.15775978966875812 0.3574324285714286 0.6390847452722224 1.9560027878201858
53728 10866934 0.9358913261820191 0.1577203848746359 0.35726914285714284 0.6390847452722224 1.9560027878201858
53729 10866934 0.9357769573227052 0.1576809800805137 0.35710585714285714 0.6390847452722224 1.9560027878201858
53730 10866934 0.9356625884633911 0.1576415752863915 0.35694257142857144 0.6390847452722224 1.9560027878201858
53731 10866934 0.9355482196040771 0.1576021704922693 0.3567792857142857 0.6390847452722224 1.9560027878201858
53732 10866934 0.935433850744763 0.15756276569814706 0.356616 0.6390847452722224 1.9560027878201858
53733 10866934 0.935319481885449 0.15752336090402486 0.3564527142857143 0.6390847452722224 1.9560027878201858
53734 10866934 0.935205113026135 0.15748395610990265 0.3562894285714286 0.6390847452722224 1.9560027878201858
53735 10866934 0.9350907441668209 0.15744455131578045 0.35612614285714284 0.6390847452722224 1.9560027878201858
53736 10866934 0.9349763753075069 0.15740514652165824 0.35596285714285714 0.6390847452722224 1.9560027878201858
