22306 11009867 0.6298613065611602 0.2114880313035437 0.0002361918819188192 -3.643788441996089 2.8564550393058386
22307 11009867 0.6304114543227595 0.21132553590309489 0.0004723837638376384 -3.643788441996089 2.8564550393058386
22308 11009867 0.6309616020843586 0.2111630405026461 0.0007085756457564577 -3.643788441996089 2.8564550393058386
22309 11009867 0.6315117498459578 0.21100054510219726 0.0009447675276752768 -3.643788441996089 2.8564550393058386
22310 11009867 0.632061897607557 0.21083804970174844 0.0011809594095940961 -3.643788441996089 2.8564550393058386
22311 11009867 0.6326120453691563 0.2106755543012996 0.0014171512915129153 -3.643788441996089 2.8564550393058386
22312 11009867 0.6331621931307554 0.2105130589008508 0.0016533431734317345 -3.643788441996089 2.8564550393058386
22313 11009867 0.6337123408923546 0.210350563500402 0.0018895350553505537 -3.643788441996089 2.8564550393058386
22314 11009867 0.6342624886539538 0.21018806809995316 0.002125726937269373 -3.643788441996089 2.8564550393058386
22315 11009867 0.6348126364155531 0.21002557269950434 0.0023619188191881923 -3.643788441996089 2.8564550393058386
22316 11009867 0.6353627841771522 0.20986307729905554 0.0025981107011070113 -3.643788441996089 2.8564550393058386
22317 11009867 0.6359129319387514 0.2097005818986067 0.0028343025830258307 -3.643788441996089 2.8564550393058386
22318 11009867 0.6364630797003507 0.2095380864981579 0.0030704944649446496 -3.643788441996089 2.8564550393058386
22319 11009867 0.6370132274619499 0.20937559109770906 0.003306686346863469 -3.643788441996089 2.8564550393058386
22320 11009867 0.637563375223549 0.20921309569726027 0.003542878228782288 -3.643788441996089 2.8564550393058386
22321 11009867 0.6381135229851482 0.20905060029681144 0.0037790701107011074 -3.643788441996089 2.8564550393058386
22322 11009867 0.6386636707467475 0.20888810489636261 0.004015261992619926 -3.643788441996089 2.8564550393058386
22323 11009867 0.6392138185083467 0.2087256094959138 0.004251453874538746 -3.643788441996089 2.8564550393058386
22324 11009867 0.6397639662699458 0.208563114095465 0.004487645756457565 -3.643788441996089 2.8564550393058386
22325 11009867 0.640314114031545 0.20840061869501617 0.004723837638376385 -3.643788441996089 2.8564550393058386
22326 11009867 0.6408642617931443 0.20823812329456734 0.004960029520295203 -3.643788441996089 2.8564550393058386
22327 11009867 0.6414144095547435 0.20807562789411851 0.0051962214022140225 -3.643788441996089 2.8564550393058386
22328 11009867 0.6419645573163426 0.20791313249366972 0.005432413284132842 -3.643788441996089 2.8564550393058386
22329 11009867 0.6425147050779418 0.2077506370932209 0.005668605166051661 -3.643788441996089 2.8564550393058386
22330 11009867 0.6430648528395411 0.20758814169277207 0.005904797047970481 -3.643788441996089 2.8564550393058386
22331 11009867 0.6436150006011403 0.20742564629232324 0.006140988929889299 -3.643788441996089 2.8564550393058386
22332 11009867 0.6441651483627395 0.20726315089187441 0.006377180811808119 -3.643788441996089 2.8564550393058386
22333 11009867 0.6447152961243386 0.20710065549142562 0.006613372693726938 -3.643788441996089 2.8564550393058386
22334 11009867 0.6452654438859379 0.2069381600909768 0.0068495645756457574 -3.643788441996089 2.8564550393058386
22335 11009867 0.6458155916475371 0.20677566469052797 0.007085756457564576 -3.643788441996089 2.8564550393058386
22336 11009867 0.6463657394091363 0.20661316929007914 0.007321948339483395 -3.643788441996089 2.8564550393058386
22337 11009867 0.6469158871707354 0.20645067388963034 0.007558140221402215 -3.643788441996089 2.8564550393058386
22338 11009867 0.6474660349323347 0.20628817848918152 0.007794332103321034 -3.643788441996089 2.8564550393058386
22339 11009867 0.6480161826939339 0.2061256830887327 0.008030523985239853 -3.643788441996089 2.8564550393058386
22340 11009867 0.6485663304555331 0.20596318768828387 0.008266715867158672 -3.643788441996089 2.8564550393058386
22341 11009867 0.6491164782171323 0.20580069228783507 0.008502907749077492 -3.643788441996089 2.8564550393058386
22342 11009867 0.6496666259787315 0.20563819688738624 0.008739099630996311 -3.643788441996089 2.8564550393058386
22343 11009867 0.6502167737403307 0.20547570148693742 0.00897529151291513 -3.643788441996089 2.8564550393058386
22344 11009867 0.6507669215019299 0.2053132060864886 0.00921148339483395 -3.643788441996089 2.8564550393058386
22345 11009867 0.6513170692635291 0.2051507106860398 0.00944767527675277 -3.643788441996089 2.8564550393058386
22346 11009867 0.6518672170251283 0.20498821528559097 0.009683867158671589 -3.643788441996089 2.8564550393058386
22347 11009867 0.6524173647867275 0.20482571988514214 0.009920059040590406 -3.643788441996089 2.8564550393058386
22348 11009867 0.6529675125483267 0.20466322448469332 0.010156250922509226 -3.643788441996089 2.8564550393058386
22349 11009867 0.6535176603099259 0.20450072908424452 0.010392442804428045 -3.643788441996089 2.8564550393058386
22350 11009867 0.6540678080715251 0.2043382336837957 0.010628634686346864 -3.643788441996089 2.8564550393058386
22351 11009867 0.6546179558331243 0.20417573828334687 0.010864826568265684 -3.643788441996089 2.8564550393058386
22352 11009867 0.6551681035947235 0.20401324288289804 0.011101018450184503 -3.643788441996089 2.8564550393058386
22353 11009867 0.6557182513563227 0.20385074748244925 0.011337210332103323 -3.643788441996089 2.8564550393058386
22354 11009867 0.6562683991179219 0.20368825208200042 0.011573402214022142 -3.643788441996089 2.8564550393058386
22355 11009867 0.6568185468795211 0.2035257566815516 0.011809594095940961 -3.643788441996089 2.8564550393058386
22356 11009867 0.6573686946411204 0.20336326128110277 0.012045785977859779 -3.643788441996089 2.8564550393058386
22357 11009867 0.6579188424027196 0.20320076588065397 0.012281977859778598 -3.643788441996089 2.8564550393058386
22358 11009867 0.6584689901643187 0.20303827048020515 0.012518169741697418 -3.643788441996089 2.8564550393058386
22359 11009867 0.6590191379259179 0.20287577507975632 0.012754361623616237 -3.643788441996089 2.8564550393058386
22360 11009867 0.6595692856875172 0.2027132796793075 0.012990553505535057 -3.643788441996089 2.8564550393058386
22361 11009867 0.6601194334491164 0.2025507842788587 0.013226745387453876 -3.643788441996089 2.8564550393058386
22362 11009867 0.6606695812107155 0.20238828887840987 0.013462937269372695 -3.643788441996089 2.8564550393058386
22363 11009867 0.6612197289723147 0.20222579347796105 0.013699129151291515 -3.643788441996089 2.8564550393058386
22364 11009867 0.661769876733914 0.20206329807751222 0.013935321033210334 -3.643788441996089 2.8564550393058386
22365 11009867 0.6623200244955132 0.2019008026770634 0.014171512915129152 -3.643788441996089 2.8564550393058386
