10284 11061837 0.6166269301094311 0.14043760564921123 0.33528 0.0 0.0
10285 11061837 0.6164924551462279 0.14024427182792926 0.33528 0.0 0.0
10286 11061837 0.6163579801830246 0.14005093800664728 0.33528 0.0 0.0
10287 11061837 0.6162235052198213 0.1398576041853653 0.33528 0.0 0.0
10288 11061837 0.616089030256618 0.13966427036408333 0.33528 0.0 0.0
10289 11061837 0.6159545552934146 0.13947093654280135 0.33528 0.0 0.0
10290 11061837 0.6158200803302113 0.13927760272151937 0.33528 0.0 0.0
10291 11061837 0.615685605367008 0.1390842689002374 0.33528 0.0 0.0
10292 11061837 0.6155511304038047 0.13889093507895542 0.33528 0.0 0.0
10293 11061837 0.6154166554406014 0.13869760125767344 0.33528 0.0 0.0
10294 11061837 0.6152821804773981 0.13850426743639146 0.33528 0.0 0.0
10295 11061837 0.6151477055141948 0.1383109336151095 0.33528 0.0 0.0
10296 11061837 0.6150132305509916 0.1381175997938275 0.33528 0.0 0.0
10297 11061837 0.6148787555877883 0.13792426597254553 0.33528 0.0 0.0
10298 11061837 0.614744280624585 0.13773093215126356 0.33528 0.0 0.0
10299 11061837 0.6146098056613817 0.13753759832998158 0.33528 0.0 0.0
10300 11061837 0.6144753306981783 0.1373442645086996 0.33528 0.0 0.0
10301 11061837 0.614340855734975 0.13715093068741763 0.33528 0.0 0.0
10302 11061837 0.6142063807717717 0.13695759686613565 0.33528 0.0 0.0
10303 11061837 0.6140719058085684 0.13676426304485367 0.33528 0.0 0.0
10304 11061837 0.6139374308453651 0.1365709292235717 0.33528 0.0 0.0
10305 11061837 0.6138029558821618 0.13637759540228972 0.33528 0.0 0.0
10306 11061837 0.6136684809189585 0.13618426158100774 0.33528 0.0 0.0
10307 11061837 0.6135340059557552 0.13599092775972577 0.33528 0.0 0.0
10308 11061837 0.613399530992552 0.1357975939384438 0.33528 0.0 0.0
10309 11061837 0.6132650560293487 0.1356042601171618 0.33528 0.0 0.0
10310 11061837 0.6131305810661454 0.13541092629587984 0.33528 0.0 0.0
10311 11061837 0.612996106102942 0.13521759247459786 0.33528 0.0 0.0
10312 11061837 0.6128616311397387 0.13502425865331588 0.33528 0.0 0.0
10313 11061837 0.6127271561765354 0.1348309248320339 0.33528 0.0 0.0
10314 11061837 0.6125926812133321 0.13463759101075193 0.33528 0.0 0.0
10315 11061837 0.6124582062501288 0.13444425718946995 0.33528 0.0 0.0
10316 11061837 0.6123237312869255 0.13425092336818797 0.33528 0.0 0.0
10317 11061837 0.6121892563237222 0.134057589546906 0.33528 0.0 0.0
10318 11061837 0.6120547813605189 0.13386425572562402 0.33528 0.0 0.0
10319 11061837 0.6119203063973156 0.13367092190434204 0.33528 0.0 0.0
10320 11061837 0.6117858314341124 0.13347758808306007 0.33528 0.0 0.0
10321 11061837 0.6116513564709091 0.1332842542617781 0.33528 0.0 0.0
10322 11061837 0.6115168815077057 0.13309092044049609 0.33528 0.0 0.0
10323 11061837 0.6113824065445024 0.13289758661921414 0.33528 0.0 0.0
10324 11061837 0.6112479315812991 0.13270425279793213 0.33528 0.0 0.0
10325 11061837 0.6111134566180958 0.13251091897665015 0.33528 0.0 0.0
10326 11061837 0.6109789816548925 0.13231758515536818 0.33528 0.0 0.0
10327 11061837 0.6108445066916892 0.1321242513340862 0.33528 0.0 0.0
10328 11061837 0.6107100317284859 0.13193091751280422 0.33528 0.0 0.0
10329 11061837 0.6105755567652826 0.13173758369152225 0.33528 0.0 0.0
10330 11061837 0.6104410818020793 0.13154424987024027 0.33528 0.0 0.0
10331 11061837 0.610306606838876 0.1313509160489583 0.33528 0.0 0.0
10332 11061837 0.6101721318756728 0.13115758222767632 0.33528 0.0 0.0
10333 11061837 0.6100376569124694 0.13096424840639434 0.33528 0.0 0.0
10334 11061837 0.6099031819492661 0.13077091458511236 0.33528 0.0 0.0
10335 11061837 0.6097687069860628 0.1305775807638304 0.33528 0.0 0.0
10336 11061837 0.6096342320228595 0.1303842469425484 0.33528 0.0 0.0
10337 11061837 0.6094997570596562 0.13019091312126643 0.33528 0.0 0.0
10338 11061837 0.6093652820964529 0.12999757929998446 0.33528 0.0 0.0
10339 11061837 0.6092308071332496 0.12980424547870248 0.33528 0.0 0.0
10340 11061837 0.6090963321700463 0.1296109116574205 0.33528 0.0 0.0
10341 11061837 0.608961857206843 0.12941757783613853 0.33528 0.0 0.0
10342 11061837 0.6088273822436397 0.12922424401485655 0.33528 0.0 0.0
10343 11061837 0.6086929072804365 0.12903091019357457 0.33528 0.0 0.0
