12086 10495573 1.419637990375581 0.07841560529904615 7.487769182521431e-05 6.807415533628336 -3.6338697434712257
12087 10495573 1.4195904175267908 0.07839956420911605 0.00014975538365042862 6.807415533628336 -3.6338697434712257
12088 10495573 1.4195428446780005 0.07838352311918594 0.00022463307547564295 6.807415533628336 -3.6338697434712257
12089 10495573 1.4194952718292104 0.07836748202925582 0.00029951076730085725 6.807415533628336 -3.6338697434712257
12090 10495573 1.4194476989804203 0.07835144093932572 0.00037438845912607155 6.807415533628336 -3.6338697434712257
12091 10495573 1.4194001261316302 0.07833539984939561 0.0004492661509512859 6.807415533628336 -3.6338697434712257
12092 10495573 1.41935255328284 0.07831935875946551 0.0005241438427765002 6.807415533628336 -3.6338697434712257
12093 10495573 1.4193049804340498 0.0783033176695354 0.0005990215346017145 6.807415533628336 -3.6338697434712257
12094 10495573 1.4192574075852598 0.07828727657960528 0.0006738992264269288 6.807415533628336 -3.6338697434712257
12095 10495573 1.4192098347364697 0.07827123548967518 0.0007487769182521431 6.807415533628336 -3.6338697434712257
12096 10495573 1.4191622618876796 0.07825519439974507 0.0008236546100773574 6.807415533628336 -3.6338697434712257
12097 10495573 1.4191146890388893 0.07823915330981496 0.0008985323019025718 6.807415533628336 -3.6338697434712257
12098 10495573 1.4190671161900992 0.07822311221988486 0.0009734099937277861 6.807415533628336 -3.6338697434712257
12099 10495573 1.419019543341309 0.07820707112995474 0.0010482876855530004 6.807415533628336 -3.6338697434712257
12100 10495573 1.418971970492519 0.07819103004002464 0.0011231653773782146 6.807415533628336 -3.6338697434712257
12101 10495573 1.4189243976437287 0.07817498895009453 0.001198043069203429 6.807415533628336 -3.6338697434712257
12102 10495573 1.4188768247949386 0.07815894786016442 0.0012729207610286434 6.807415533628336 -3.6338697434712257
12103 10495573 1.4188292519461485 0.07814290677023432 0.0013477984528538576 6.807415533628336 -3.6338697434712257
12104 10495573 1.4187816790973584 0.0781268656803042 0.001422676144679072 6.807415533628336 -3.6338697434712257
12105 10495573 1.4187341062485683 0.07811082459037409 0.0014975538365042862 6.807415533628336 -3.6338697434712257
12106 10495573 1.418686533399778 0.07809478350044399 0.0015724315283295006 6.807415533628336 -3.6338697434712257
12107 10495573 1.418638960550988 0.07807874241051388 0.0016473092201547148 6.807415533628336 -3.6338697434712257
12108 10495573 1.4185913877021978 0.07806270132058377 0.0017221869119799292 6.807415533628336 -3.6338697434712257
12109 10495573 1.4185438148534077 0.07804666023065367 0.0017970646038051436 6.807415533628336 -3.6338697434712257
12110 10495573 1.4184962420046174 0.07803061914072355 0.0018719422956303578 6.807415533628336 -3.6338697434712257
12111 10495573 1.4184486691558273 0.07801457805079345 0.0019468199874555722 6.807415533628336 -3.6338697434712257
12112 10495573 1.4184010963070373 0.07799853696086334 0.0020216976792807864 6.807415533628336 -3.6338697434712257
12113 10495573 1.4183535234582472 0.07798249587093323 0.002096575371106001 6.807415533628336 -3.6338697434712257
12114 10495573 1.4183059506094569 0.07796645478100313 0.002171453062931215 6.807415533628336 -3.6338697434712257
12115 10495573 1.4182583777606668 0.07795041369107301 0.002246330754756429 6.807415533628336 -3.6338697434712257
12116 10495573 1.4182108049118767 0.0779343726011429 0.0023212084465816436 6.807415533628336 -3.6338697434712257
12117 10495573 1.4181632320630866 0.0779183315112128 0.002396086138406858 6.807415533628336 -3.6338697434712257
12118 10495573 1.4181156592142965 0.07790229042128269 0.0024709638302320724 6.807415533628336 -3.6338697434712257
12119 10495573 1.4180680863655062 0.07788624933135257 0.002545841522057287 6.807415533628336 -3.6338697434712257
12120 10495573 1.418020513516716 0.07787020824142248 0.0026207192138825008 6.807415533628336 -3.6338697434712257
12121 10495573 1.417972940667926 0.07785416715149236 0.002695596905707715 6.807415533628336 -3.6338697434712257
12122 10495573 1.417925367819136 0.07783812606156226 0.0027704745975329296 6.807415533628336 -3.6338697434712257
12123 10495573 1.4178777949703456 0.07782208497163215 0.002845352289358144 6.807415533628336 -3.6338697434712257
12124 10495573 1.4178302221215555 0.07780604388170204 0.002920229981183358 6.807415533628336 -3.6338697434712257
12125 10495573 1.4177826492727654 0.07779000279177194 0.0029951076730085724 6.807415533628336 -3.6338697434712257
12126 10495573 1.4177350764239753 0.07777396170184182 0.0030699853648337868 6.807415533628336 -3.6338697434712257
12127 10495573 1.4176875035751852 0.07775792061191171 0.003144863056659001 6.807415533628336 -3.6338697434712257
12128 10495573 1.417639930726395 0.07774187952198161 0.0032197407484842156 6.807415533628336 -3.6338697434712257
12129 10495573 1.4175923578776048 0.0777258384320515 0.0032946184403094296 6.807415533628336 -3.6338697434712257
12130 10495573 1.4175447850288148 0.0777097973421214 0.003369496132134644 6.807415533628336 -3.6338697434712257
12131 10495573 1.4174972121800247 0.07769375625219128 0.0034443738239598584 6.807415533628336 -3.6338697434712257
12132 10495573 1.4174496393312344 0.07767771516226117 0.003519251515785073 6.807415533628336 -3.6338697434712257
12133 10495573 1.4174020664824443 0.07766167407233107 0.003594129207610287 6.807415533628336 -3.6338697434712257
12134 10495573 1.4173544936336542 0.07764563298240096 0.003669006899435501 6.807415533628336 -3.6338697434712257
12135 10495573 1.417306920784864 0.07762959189247085 0.0037438845912607156 6.807415533628336 -3.6338697434712257
12136 10495573 1.417259347936074 0.07761355080254075 0.00381876228308593 6.807415533628336 -3.6338697434712257
12137 10495573 1.4172117750872837 0.07759750971261063 0.0038936399749111444 6.807415533628336 -3.6338697434712257
12138 10495573 1.4171642022384936 0.07758146862268052 0.003968517666736358 6.807415533628336 -3.6338697434712257
12139 10495573 1.4171166293897035 0.07756542753275042 0.004043395358561573 6.807415533628336 -3.6338697434712257
12140 10495573 1.4170690565409134 0.0775493864428203 0.004118273050386787 6.807415533628336 -3.6338697434712257
12141 10495573 1.417021483692123 0.0775333453528902 0.004193150742212002 6.807415533628336 -3.6338697434712257
12142 10495573 1.416973910843333 0.0775173042629601 0.004268028434037216 6.807415533628336 -3.6338697434712257
12143 10495573 1.416926337994543 0.07750126317302998 0.00434290612586243 6.807415533628336 -3.6338697434712257
12144 10495573 1.4168787651457528 0.07748522208309988 0.004417783817687645 6.807415533628336 -3.6338697434712257
12145 10495573 1.4168311922969627 0.07746918099316977 0.004492661509512858 6.807415533628336 -3.6338697434712257
