10118 11312652 0.5490049497249432 0.26756703927898173 1.7068800000000002 -0.7988559315902777 -2.445003484775232
10119 11312652 0.5490108028482433 0.2675849506432083 1.7063340000000002 -0.7988559315902777 -2.445003484775232
10120 11312652 0.5490166559715434 0.26760286200743494 1.705788 -0.7988559315902777 -2.445003484775232
10121 11312652 0.5490225090948435 0.2676207733716615 1.7052420000000001 -0.7988559315902777 -2.445003484775232
10122 11312652 0.5490283622181437 0.2676386847358881 1.7046960000000002 -0.7988559315902777 -2.445003484775232
10123 11312652 0.5490342153414438 0.26765659610011466 1.7041500000000003 -0.7988559315902777 -2.445003484775232
10124 11312652 0.5490400684647438 0.2676745074643413 1.7036040000000001 -0.7988559315902777 -2.445003484775232
10125 11312652 0.549045921588044 0.26769241882856787 1.7030580000000002 -0.7988559315902777 -2.445003484775232
10126 11312652 0.5490517747113441 0.26771033019279444 1.7025120000000002 -0.7988559315902777 -2.445003484775232
10127 11312652 0.5490576278346443 0.2677282415570211 1.701966 -0.7988559315902777 -2.445003484775232
10128 11312652 0.5490634809579443 0.26774615292124765 1.7014200000000002 -0.7988559315902777 -2.445003484775232
10129 11312652 0.5490693340812445 0.2677640642854742 1.7008740000000002 -0.7988559315902777 -2.445003484775232
10130 11312652 0.5490751872045446 0.2677819756497008 1.7003280000000003 -0.7988559315902777 -2.445003484775232
10131 11312652 0.5490810403278447 0.26779988701392743 1.6997820000000001 -0.7988559315902777 -2.445003484775232
10132 11312652 0.5490868934511448 0.267817798378154 1.6992360000000002 -0.7988559315902777 -2.445003484775232
10133 11312652 0.549092746574445 0.2678357097423806 1.6986900000000003 -0.7988559315902777 -2.445003484775232
10134 11312652 0.5490985996977451 0.2678536211066072 1.698144 -0.7988559315902777 -2.445003484775232
10135 11312652 0.5491044528210451 0.2678715324708338 1.6975980000000002 -0.7988559315902777 -2.445003484775232
10136 11312652 0.5491103059443453 0.26788944383506036 1.6970520000000002 -0.7988559315902777 -2.445003484775232
10137 11312652 0.5491161590676454 0.26790735519928693 1.696506 -0.7988559315902777 -2.445003484775232
10138 11312652 0.5491220121909456 0.26792526656351356 1.6959600000000001 -0.7988559315902777 -2.445003484775232
10139 11312652 0.5491278653142456 0.26794317792774014 1.6954140000000002 -0.7988559315902777 -2.445003484775232
10140 11312652 0.5491337184375458 0.2679610892919667 1.6948680000000003 -0.7988559315902777 -2.445003484775232
10141 11312652 0.5491395715608459 0.26797900065619334 1.694322 -0.7988559315902777 -2.445003484775232
10142 11312652 0.549145424684146 0.2679969120204199 1.6937760000000002 -0.7988559315902777 -2.445003484775232
10143 11312652 0.5491512778074461 0.2680148233846465 1.6932300000000002 -0.7988559315902777 -2.445003484775232
10144 11312652 0.5491571309307463 0.26803273474887307 1.692684 -0.7988559315902777 -2.445003484775232
10145 11312652 0.5491629840540464 0.2680506461130997 1.6921380000000001 -0.7988559315902777 -2.445003484775232
10146 11312652 0.5491688371773464 0.2680685574773263 1.6915920000000002 -0.7988559315902777 -2.445003484775232
10147 11312652 0.5491746903006466 0.26808646884155285 1.6910460000000003 -0.7988559315902777 -2.445003484775232
10148 11312652 0.5491805434239467 0.2681043802057795 1.6905000000000001 -0.7988559315902777 -2.445003484775232
10149 11312652 0.5491863965472469 0.26812229157000605 1.6899540000000002 -0.7988559315902777 -2.445003484775232
10150 11312652 0.5491922496705469 0.26814020293423263 1.6894080000000002 -0.7988559315902777 -2.445003484775232
10151 11312652 0.5491981027938471 0.2681581142984592 1.688862 -0.7988559315902777 -2.445003484775232
10152 11312652 0.5492039559171472 0.26817602566268584 1.6883160000000001 -0.7988559315902777 -2.445003484775232
10153 11312652 0.5492098090404472 0.2681939370269124 1.6877700000000002 -0.7988559315902777 -2.445003484775232
10154 11312652 0.5492156621637474 0.268211848391139 1.6872240000000003 -0.7988559315902777 -2.445003484775232
10155 11312652 0.5492215152870475 0.2682297597553656 1.6866780000000001 -0.7988559315902777 -2.445003484775232
10156 11312652 0.5492273684103477 0.2682476711195922 1.6861320000000002 -0.7988559315902777 -2.445003484775232
10157 11312652 0.5492332215336477 0.26826558248381877 1.6855860000000003 -0.7988559315902777 -2.445003484775232
10158 11312652 0.5492390746569479 0.26828349384804534 1.68504 -0.7988559315902777 -2.445003484775232
10159 11312652 0.549244927780248 0.26830140521227197 1.6844940000000002 -0.7988559315902777 -2.445003484775232
10160 11312652 0.5492507809035481 0.26831931657649855 1.6839480000000002 -0.7988559315902777 -2.445003484775232
10161 11312652 0.5492566340268482 0.2683372279407251 1.683402 -0.7988559315902777 -2.445003484775232
10162 11312652 0.5492624871501484 0.26835513930495175 1.6828560000000001 -0.7988559315902777 -2.445003484775232
10163 11312652 0.5492683402734485 0.2683730506691783 1.6823100000000002 -0.7988559315902777 -2.445003484775232
10164 11312652 0.5492741933967485 0.2683909620334049 1.6817640000000003 -0.7988559315902777 -2.445003484775232
10165 11312652 0.5492800465200487 0.2684088733976315 1.681218 -0.7988559315902777 -2.445003484775232
10166 11312652 0.5492858996433488 0.2684267847618581 1.6806720000000002 -0.7988559315902777 -2.445003484775232
10167 11312652 0.549291752766649 0.2684446961260847 1.6801260000000002 -0.7988559315902777 -2.445003484775232
10168 11312652 0.549297605889949 0.26846260749031126 1.67958 -0.7988559315902777 -2.445003484775232
10169 11312652 0.5493034590132492 0.2684805188545379 1.6790340000000001 -0.7988559315902777 -2.445003484775232
10170 11312652 0.5493093121365493 0.26849843021876446 1.6784880000000002 -0.7988559315902777 -2.445003484775232
10171 11312652 0.5493151652598494 0.26851634158299104 1.6779420000000003 -0.7988559315902777 -2.445003484775232
10172 11312652 0.5493210183831495 0.2685342529472176 1.677396 -0.7988559315902777 -2.445003484775232
10173 11312652 0.5493268715064497 0.26855216431144424 1.6768500000000002 -0.7988559315902777 -2.445003484775232
10174 11312652 0.5493327246297498 0.2685700756756708 1.6763040000000002 -0.7988559315902777 -2.445003484775232
10175 11312652 0.5493385777530498 0.2685879870398974 1.675758 -0.7988559315902777 -2.445003484775232
10176 11312652 0.54934443087635 0.268605898404124 1.6752120000000001 -0.7988559315902777 -2.445003484775232
10177 11312652 0.5493502839996501 0.2686238097683506 1.6746660000000002 -0.7988559315902777 -2.445003484775232
10178 11312652 0.5493561371229503 0.26864172113257717 1.6741200000000003 -0.7988559315902777 -2.445003484775232
