26436 10764272 1.0250467005473334 -0.15094835924033598 0.3657550179797319 2.5707765526581845 0.08556141830814923
26437 10764272 1.025047921556946 -0.15094497725354306 0.36575003595946387 2.5707765526581845 0.08556141830814923
26438 10764272 1.0250491425665587 -0.1509415952667501 0.36574505393919576 2.5707765526581845 0.08556141830814923
26439 10764272 1.0250503635761714 -0.15093821327995716 0.3657400719189277 2.5707765526581845 0.08556141830814923
26440 10764272 1.0250515845857842 -0.15093483129316423 0.36573508989865966 2.5707765526581845 0.08556141830814923
26441 10764272 1.0250528055953967 -0.15093144930637128 0.3657301078783916 2.5707765526581845 0.08556141830814923
26442 10764272 1.0250540266050094 -0.15092806731957834 0.36572512585812356 2.5707765526581845 0.08556141830814923
26443 10764272 1.0250552476146222 -0.1509246853327854 0.3657201438378555 2.5707765526581845 0.08556141830814923
26444 10764272 1.025056468624235 -0.15092130334599246 0.3657151618175874 2.5707765526581845 0.08556141830814923
26445 10764272 1.0250576896338475 -0.15091792135919951 0.36571017979731935 2.5707765526581845 0.08556141830814923
26446 10764272 1.0250589106434602 -0.1509145393724066 0.3657051977770513 2.5707765526581845 0.08556141830814923
26447 10764272 1.025060131653073 -0.15091115738561364 0.36570021575678324 2.5707765526581845 0.08556141830814923
26448 10764272 1.0250613526626855 -0.1509077753988207 0.3656952337365152 2.5707765526581845 0.08556141830814923
26449 10764272 1.0250625736722982 -0.15090439341202777 0.36569025171624714 2.5707765526581845 0.08556141830814923
26450 10764272 1.025063794681911 -0.15090101142523482 0.36568526969597903 2.5707765526581845 0.08556141830814923
26451 10764272 1.0250650156915238 -0.1508976294384419 0.365680287675711 2.5707765526581845 0.08556141830814923
26452 10764272 1.0250662367011363 -0.15089424745164895 0.36567530565544293 2.5707765526581845 0.08556141830814923
26453 10764272 1.025067457710749 -0.150890865464856 0.3656703236351749 2.5707765526581845 0.08556141830814923
26454 10764272 1.0250686787203618 -0.15088748347806308 0.3656653416149068 2.5707765526581845 0.08556141830814923
26455 10764272 1.0250698997299745 -0.15088410149127013 0.3656603595946388 2.5707765526581845 0.08556141830814923
26456 10764272 1.025071120739587 -0.15088071950447718 0.36565537757437067 2.5707765526581845 0.08556141830814923
26457 10764272 1.0250723417491998 -0.15087733751768426 0.3656503955541026 2.5707765526581845 0.08556141830814923
26458 10764272 1.0250735627588126 -0.1508739555308913 0.36564541353383456 2.5707765526581845 0.08556141830814923
26459 10764272 1.025074783768425 -0.15087057354409836 0.3656404315135665 2.5707765526581845 0.08556141830814923
26460 10764272 1.0250760047780378 -0.15086719155730544 0.36563544949329846 2.5707765526581845 0.08556141830814923
26461 10764272 1.0250772257876506 -0.15086380957051249 0.36563046747303035 2.5707765526581845 0.08556141830814923
26462 10764272 1.0250784467972633 -0.15086042758371954 0.3656254854527623 2.5707765526581845 0.08556141830814923
26463 10764272 1.0250796678068759 -0.15085704559692661 0.36562050343249425 2.5707765526581845 0.08556141830814923
26464 10764272 1.0250808888164886 -0.15085366361013366 0.3656155214122262 2.5707765526581845 0.08556141830814923
26465 10764272 1.0250821098261014 -0.15085028162334072 0.36561053939195814 2.5707765526581845 0.08556141830814923
26466 10764272 1.0250833308357141 -0.1508468996365478 0.3656055573716901 2.5707765526581845 0.08556141830814923
26467 10764272 1.0250845518453267 -0.15084351764975484 0.365600575351422 2.5707765526581845 0.08556141830814923
26468 10764272 1.0250857728549394 -0.1508401356629619 0.36559559333115393 2.5707765526581845 0.08556141830814923
26469 10764272 1.0250869938645522 -0.15083675367616897 0.3655906113108859 2.5707765526581845 0.08556141830814923
26470 10764272 1.0250882148741647 -0.15083337168937602 0.36558562929061783 2.5707765526581845 0.08556141830814923
26471 10764272 1.0250894358837774 -0.15082998970258307 0.3655806472703498 2.5707765526581845 0.08556141830814923
26472 10764272 1.0250906568933902 -0.15082660771579015 0.3655756652500817 2.5707765526581845 0.08556141830814923
26473 10764272 1.025091877903003 -0.1508232257289972 0.3655706832298136 2.5707765526581845 0.08556141830814923
26474 10764272 1.0250930989126155 -0.15081984374220425 0.36556570120954557 2.5707765526581845 0.08556141830814923
26475 10764272 1.0250943199222282 -0.15081646175541133 0.3655607191892775 2.5707765526581845 0.08556141830814923
26476 10764272 1.025095540931841 -0.15081307976861838 0.36555573716900946 2.5707765526581845 0.08556141830814923
26477 10764272 1.0250967619414535 -0.15080969778182543 0.3655507551487414 2.5707765526581845 0.08556141830814923
26478 10764272 1.0250979829510662 -0.1508063157950325 0.3655457731284733 2.5707765526581845 0.08556141830814923
26479 10764272 1.025099203960679 -0.15080293380823956 0.36554079110820525 2.5707765526581845 0.08556141830814923
26480 10764272 1.0251004249702917 -0.1507995518214466 0.3655358090879372 2.5707765526581845 0.08556141830814923
26481 10764272 1.0251016459799043 -0.1507961698346537 0.36553082706766915 2.5707765526581845 0.08556141830814923
26482 10764272 1.025102866989517 -0.15079278784786074 0.3655258450474011 2.5707765526581845 0.08556141830814923
26483 10764272 1.0251040879991298 -0.15078940586106782 0.36552086302713305 2.5707765526581845 0.08556141830814923
26484 10764272 1.0251053090087425 -0.15078602387427487 0.36551588100686494 2.5707765526581845 0.08556141830814923
26485 10764272 1.025106530018355 -0.15078264188748192 0.3655108989865969 2.5707765526581845 0.08556141830814923
26486 10764272 1.0251077510279678 -0.150779259900689 0.36550591696632884 2.5707765526581845 0.08556141830814923
26487 10764272 1.0251089720375806 -0.15077587791389604 0.3655009349460608 2.5707765526581845 0.08556141830814923
26488 10764272 1.025110193047193 -0.1507724959271031 0.36549595292579273 2.5707765526581845 0.08556141830814923
26489 10764272 1.0251114140568058 -0.15076911394031017 0.3654909709055247 2.5707765526581845 0.08556141830814923
26490 10764272 1.0251126350664186 -0.15076573195351722 0.3654859888852566 2.5707765526581845 0.08556141830814923
26491 10764272 1.0251138560760313 -0.15076234996672427 0.3654810068649885 2.5707765526581845 0.08556141830814923
26492 10764272 1.0251150770856439 -0.15075896797993135 0.36547602484472047 2.5707765526581845 0.08556141830814923
26493 10764272 1.0251162980952566 -0.1507555859931384 0.3654710428244524 2.5707765526581845 0.08556141830814923
26494 10764272 1.0251175191048694 -0.15075220400634545 0.36546606080418437 2.5707765526581845 0.08556141830814923
26495 10764272 1.0251187401144821 -0.15074882201955253 0.3654610787839163 2.5707765526581845 0.08556141830814923
