20908 11217673 0.7868763334317487 0.1823578198681496 0.45717236627379876 1.2112899144904097 2.269138511209445
20909 11217673 0.787034088789615 0.1823017968346644 0.4571447325475975 1.2112899144904097 2.269138511209445
20910 11217673 0.7871918441474814 0.18224577380117923 0.45711709882139623 1.2112899144904097 2.269138511209445
20911 11217673 0.7873495995053479 0.18218975076769403 0.457089465095195 1.2112899144904097 2.269138511209445
20912 11217673 0.7875073548632142 0.18213372773420883 0.4570618313689937 1.2112899144904097 2.269138511209445
20913 11217673 0.7876651102210807 0.18207770470072362 0.45703419764279246 1.2112899144904097 2.269138511209445
20914 11217673 0.7878228655789471 0.18202168166723842 0.45700656391659117 1.2112899144904097 2.269138511209445
20915 11217673 0.7879806209368134 0.18196565863375325 0.4569789301903899 1.2112899144904097 2.269138511209445
20916 11217673 0.7881383762946799 0.18190963560026804 0.45695129646418864 1.2112899144904097 2.269138511209445
20917 11217673 0.7882961316525463 0.18185361256678284 0.45692366273798735 1.2112899144904097 2.269138511209445
20918 11217673 0.7884538870104126 0.18179758953329764 0.4568960290117861 1.2112899144904097 2.269138511209445
20919 11217673 0.7886116423682791 0.18174156649981246 0.4568683952855848 1.2112899144904097 2.269138511209445
20920 11217673 0.7887693977261455 0.18168554346632726 0.4568407615593835 1.2112899144904097 2.269138511209445
20921 11217673 0.7889271530840118 0.18162952043284206 0.4568131278331823 1.2112899144904097 2.269138511209445
20922 11217673 0.7890849084418783 0.18157349739935685 0.456785494106981 1.2112899144904097 2.269138511209445
20923 11217673 0.7892426637997447 0.18151747436587165 0.45675786038077976 1.2112899144904097 2.269138511209445
20924 11217673 0.789400419157611 0.18146145133238648 0.45673022665457846 1.2112899144904097 2.269138511209445
20925 11217673 0.7895581745154775 0.18140542829890127 0.4567025929283772 1.2112899144904097 2.269138511209445
20926 11217673 0.7897159298733439 0.18134940526541607 0.45667495920217593 1.2112899144904097 2.269138511209445
20927 11217673 0.7898736852312103 0.18129338223193087 0.45664732547597464 1.2112899144904097 2.269138511209445
20928 11217673 0.7900314405890767 0.18123735919844566 0.4566196917497734 1.2112899144904097 2.269138511209445
20929 11217673 0.7901891959469431 0.1811813361649605 0.4565920580235721 1.2112899144904097 2.269138511209445
20930 11217673 0.7903469513048095 0.18112531313147529 0.4565644242973709 1.2112899144904097 2.269138511209445
20931 11217673 0.7905047066626759 0.18106929009799008 0.4565367905711696 1.2112899144904097 2.269138511209445
20932 11217673 0.7906624620205424 0.18101326706450488 0.45650915684496834 1.2112899144904097 2.269138511209445
20933 11217673 0.7908202173784087 0.1809572440310197 0.45648152311876705 1.2112899144904097 2.269138511209445
20934 11217673 0.7909779727362751 0.1809012209975345 0.45645388939256576 1.2112899144904097 2.269138511209445
20935 11217673 0.7911357280941416 0.1808451979640493 0.4564262556663645 1.2112899144904097 2.269138511209445
20936 11217673 0.7912934834520079 0.1807891749305641 0.45639862194016323 1.2112899144904097 2.269138511209445
20937 11217673 0.7914512388098743 0.1807331518970789 0.456370988213962 1.2112899144904097 2.269138511209445
20938 11217673 0.7916089941677408 0.18067712886359372 0.4563433544877607 1.2112899144904097 2.269138511209445
20939 11217673 0.7917667495256071 0.1806211058301085 0.4563157207615594 1.2112899144904097 2.269138511209445
20940 11217673 0.7919245048834735 0.1805650827966233 0.45628808703535817 1.2112899144904097 2.269138511209445
20941 11217673 0.79208226024134 0.1805090597631381 0.4562604533091569 1.2112899144904097 2.269138511209445
20942 11217673 0.7922400155992063 0.1804530367296529 0.45623281958295564 1.2112899144904097 2.269138511209445
20943 11217673 0.7923977709570728 0.18039701369616773 0.45620518585675435 1.2112899144904097 2.269138511209445
20944 11217673 0.7925555263149392 0.18034099066268253 0.4561775521305531 1.2112899144904097 2.269138511209445
20945 11217673 0.7927132816728055 0.18028496762919732 0.4561499184043518 1.2112899144904097 2.269138511209445
20946 11217673 0.792871037030672 0.18022894459571212 0.4561222846781505 1.2112899144904097 2.269138511209445
20947 11217673 0.7930287923885384 0.18017292156222692 0.4560946509519493 1.2112899144904097 2.269138511209445
20948 11217673 0.7931865477464047 0.18011689852874174 0.456067017225748 1.2112899144904097 2.269138511209445
20949 11217673 0.7933443031042712 0.18006087549525654 0.45603938349954676 1.2112899144904097 2.269138511209445
20950 11217673 0.7935020584621376 0.18000485246177134 0.45601174977334547 1.2112899144904097 2.269138511209445
20951 11217673 0.793659813820004 0.17994882942828613 0.45598411604714423 1.2112899144904097 2.269138511209445
20952 11217673 0.7938175691778704 0.17989280639480096 0.45595648232094294 1.2112899144904097 2.269138511209445
20953 11217673 0.7939753245357368 0.17983678336131576 0.45592884859474164 1.2112899144904097 2.269138511209445
20954 11217673 0.7941330798936032 0.17978076032783055 0.4559012148685404 1.2112899144904097 2.269138511209445
20955 11217673 0.7942908352514696 0.17972473729434535 0.4558735811423391 1.2112899144904097 2.269138511209445
20956 11217673 0.794448590609336 0.17966871426086015 0.4558459474161379 1.2112899144904097 2.269138511209445
20957 11217673 0.7946063459672024 0.17961269122737497 0.4558183136899366 1.2112899144904097 2.269138511209445
20958 11217673 0.7947641013250688 0.17955666819388977 0.4557906799637353 1.2112899144904097 2.269138511209445
20959 11217673 0.7949218566829352 0.17950064516040456 0.45576304623753405 1.2112899144904097 2.269138511209445
20960 11217673 0.7950796120408016 0.17944462212691936 0.45573541251133276 1.2112899144904097 2.269138511209445
20961 11217673 0.795237367398668 0.17938859909343416 0.4557077787851315 1.2112899144904097 2.269138511209445
20962 11217673 0.7953951227565345 0.17933257605994898 0.45568014505893023 1.2112899144904097 2.269138511209445
20963 11217673 0.7955528781144008 0.17927655302646378 0.455652511332729 1.2112899144904097 2.269138511209445
20964 11217673 0.7957106334722672 0.17922052999297858 0.4556248776065277 1.2112899144904097 2.269138511209445
20965 11217673 0.7958683888301337 0.17916450695949337 0.4555972438803264 1.2112899144904097 2.269138511209445
20966 11217673 0.796026144188 0.1791084839260082 0.45556961015412517 1.2112899144904097 2.269138511209445
20967 11217673 0.7961838995458664 0.179052460892523 0.4555419764279239 1.2112899144904097 2.269138511209445
