7215 10866934 0.9338143158885234 0.1623911177675373 0.25908000000000003 4.401006272595418 -1.4379406768625
7216 10866934 0.9330118969694674 0.16265328667598816 0.25908000000000003 4.401006272595418 -1.4379406768625
7217 10866934 0.9322094780504114 0.162915455584439 0.25908000000000003 4.401006272595418 -1.4379406768625
7218 10866934 0.9330118970587249 0.16265328695022763 0.25908000000000003 4.401006272595418 -1.4379406768625
7219 10866934 0.9338143160670385 0.16239111831601621 0.25908000000000003 4.401006272595418 -1.4379406768625
7220 10866934 0.9346167350753519 0.1621289496818048 0.25908000000000003 4.401006272595418 -1.4379406768625
7221 10866934 0.9354191540836654 0.16186678104759342 0.25908000000000003 4.401006272595418 -1.4379406768625
7222 10866934 0.9362215730919788 0.16160461241338203 0.25908000000000003 4.401006272595418 -1.4379406768625
7223 10866934 0.9370239921002923 0.16134244377917062 0.25908000000000003 4.401006272595418 -1.4379406768625
7224 10866934 0.9378264111086059 0.1610802751449592 0.25908000000000003 4.401006272595418 -1.4379406768625
7225 10866934 0.9386288301169193 0.16081810651074782 0.25908000000000003 4.401006272595418 -1.4379406768625
7226 10866934 0.9386290005441263 0.16081805082843795 0.25908025287890357 4.401006272595418 -1.4379406768625
7227 10866934 0.9386291709713334 0.16081799514612805 0.2590805057578071 4.401006272595418 -1.4379406768625
7228 10866934 0.9386293413985404 0.16081793946381817 0.2590807586367106 4.401006272595418 -1.4379406768625
7229 10866934 0.9386295118257474 0.16081788378150827 0.25908101151561413 4.401006272595418 -1.4379406768625
7230 10866934 0.9386296822529544 0.1608178280991984 0.2590812643945177 4.401006272595418 -1.4379406768625
7231 10866934 0.9386298526801614 0.1608177724168885 0.2590815172734212 4.401006272595418 -1.4379406768625
7232 10866934 0.9386300231073684 0.16081771673457862 0.25908177015232475 4.401006272595418 -1.4379406768625
7233 10866934 0.9386301935345754 0.16081766105226875 0.25908202303122824 4.401006272595418 -1.4379406768625
7234 10866934 0.9386303639617825 0.16081760536995884 0.2590822759101318 4.401006272595418 -1.4379406768625
7235 10866934 0.9386305343889895 0.16081754968764897 0.2590825287890353 4.401006272595418 -1.4379406768625
7236 10866934 0.9386307048161965 0.16081749400533907 0.25908278166793886 4.401006272595418 -1.4379406768625
7237 10866934 0.9386308752434035 0.1608174383230292 0.25908303454684234 4.401006272595418 -1.4379406768625
7238 10866934 0.9386310456706105 0.1608173826407193 0.2590832874257459 4.401006272595418 -1.4379406768625
7239 10866934 0.9386312160978175 0.16081732695840942 0.2590835403046494 4.401006272595418 -1.4379406768625
7240 10866934 0.9386313865250245 0.16081727127609954 0.25908379318355296 4.401006272595418 -1.4379406768625
7241 10866934 0.9386315569522315 0.16081721559378964 0.2590840460624565 4.401006272595418 -1.4379406768625
7242 10866934 0.9386317273794386 0.16081715991147977 0.25908429894136 4.401006272595418 -1.4379406768625
7243 10866934 0.9386318978066456 0.16081710422916987 0.2590845518202635 4.401006272595418 -1.4379406768625
7244 10866934 0.9386320682338526 0.16081704854686 0.25908480469916706 4.401006272595418 -1.4379406768625
7245 10866934 0.9386322386610596 0.1608169928645501 0.2590850575780706 4.401006272595418 -1.4379406768625
7246 10866934 0.9386324090882666 0.16081693718224022 0.25908531045697414 4.401006272595418 -1.4379406768625
7247 10866934 0.9386325795154737 0.16081688149993034 0.2590855633358776 4.401006272595418 -1.4379406768625
7248 10866934 0.9386327499426808 0.16081682581762044 0.25908581621478116 4.401006272595418 -1.4379406768625
7249 10866934 0.9386329203698878 0.16081677013531057 0.2590860690936847 4.401006272595418 -1.4379406768625
7250 10866934 0.9386330907970948 0.16081671445300066 0.25908632197258824 4.401006272595418 -1.4379406768625
7251 10866934 0.9386332612243018 0.1608166587706908 0.2590865748514918 4.401006272595418 -1.4379406768625
7252 10866934 0.9386334316515088 0.1608166030883809 0.25908682773039526 4.401006272595418 -1.4379406768625
7253 10866934 0.9386336020787158 0.16081654740607101 0.2590870806092988 4.401006272595418 -1.4379406768625
7254 10866934 0.9386337725059228 0.16081649172376114 0.25908733348820234 4.401006272595418 -1.4379406768625
7255 10866934 0.9386339429331299 0.16081643604145124 0.2590875863671059 4.401006272595418 -1.4379406768625
7256 10866934 0.9386341133603369 0.16081638035914136 0.25908783924600937 4.401006272595418 -1.4379406768625
7257 10866934 0.9386342837875439 0.16081632467683146 0.2590880921249129 4.401006272595418 -1.4379406768625
7258 10866934 0.9386344542147509 0.1608162689945216 0.25908834500381644 4.401006272595418 -1.4379406768625
7259 10866934 0.9386346246419579 0.1608162133122117 0.25908859788272 4.401006272595418 -1.4379406768625
7260 10866934 0.9386347950691649 0.1608161576299018 0.2590888507616235 4.401006272595418 -1.4379406768625
7261 10866934 0.9386349654963719 0.16081610194759194 0.259089103640527 4.401006272595418 -1.4379406768625
7262 10866934 0.938635135923579 0.16081604626528204 0.25908935651943055 4.401006272595418 -1.4379406768625
7263 10866934 0.938635306350786 0.16081599058297216 0.2590896093983341 4.401006272595418 -1.4379406768625
7264 10866934 0.938635476777993 0.16081593490066226 0.2590898622772376 4.401006272595418 -1.4379406768625
7265 10866934 0.9386356472052 0.1608158792183524 0.25909011515614117 4.401006272595418 -1.4379406768625
7266 10866934 0.938635817632407 0.16081582353604248 0.25909036803504465 4.401006272595418 -1.4379406768625
7267 10866934 0.938635988059614 0.1608157678537326 0.2590906209139482 4.401006272595418 -1.4379406768625
7268 10866934 0.938636158486821 0.16081571217142274 0.25909087379285173 4.401006272595418 -1.4379406768625
7269 10866934 0.938636328914028 0.16081565648911283 0.25909112667175527 4.401006272595418 -1.4379406768625
7270 10866934 0.938636499341235 0.16081560080680296 0.25909137955065875 4.401006272595418 -1.4379406768625
7271 10866934 0.9386366697684421 0.16081554512449306 0.2590916324295623 4.401006272595418 -1.4379406768625
7272 10866934 0.9386368401956491 0.16081548944218318 0.25909188530846583 4.401006272595418 -1.4379406768625
7273 10866934 0.9386370106228561 0.16081543375987328 0.25909213818736937 4.401006272595418 -1.4379406768625
7274 10866934 0.9386371810500631 0.1608153780775634 0.2590923910662729 4.401006272595418 -1.4379406768625
7275 10866934 0.9386373514772701 0.16081532239525353 0.2590926439451764 4.401006272595418 -1.4379406768625
7276 10866934 0.9386375219044771 0.16081526671294363 0.25909289682407993 4.401006272595418 -1.4379406768625
7277 10866934 0.9386376923316841 0.16081521103063376 0.25909314970298347 3.912005575640372 -1.2781694905444445
7278 10866934 0.9386378627588912 0.16081515534832386 0.259093402581887 3.912005575640372 -1.2781694905444445
7279 10866934 0.9386380331860982 0.16081509966601398 0.25909365546079055 3.912005575640372 -1.2781694905444445
7280 10866934 0.9386382036133052 0.16081504398370408 0.25909390833969403 3.912005575640372 -1.2781694905444445
7281 10866934 0.9386383740405122 0.1608149883013942 0.2590941612185976 3.912005575640372 -1.2781694905444445
7282 10866934 0.9386385444677192 0.16081493261908433 0.2590944140975011 3.912005575640372 -1.2781694905444445
7283 10866934 0.9386387148949262 0.16081487693677443 0.25909466697640465 3.912005575640372 -1.2781694905444445
7284 10866934 0.9386388853221332 0.16081482125446456 0.2590949198553082 3.912005575640372 -1.2781694905444445
7285 10866934 0.9386390557493403 0.16081476557215466 0.2590951727342117 3.912005575640372 -1.2781694905444445
