21716 10561439 0.7703740499730661 0.23178428128248427 0.18334653061224487 -2.386476027669432 -0.9596587984065635
21717 10561439 0.7703948876058324 0.23176346524196637 0.1838130612244898 -2.386476027669432 -0.9596587984065635
21718 10561439 0.7704157252385986 0.23174264920144846 0.18427959183673467 -2.386476027669432 -0.9596587984065635
21719 10561439 0.7704365628713649 0.23172183316093053 0.1847461224489796 -2.386476027669432 -0.9596587984065635
21720 10561439 0.770457400504131 0.23170101712041263 0.18521265306122447 -2.386476027669432 -0.9596587984065635
21721 10561439 0.7704782381368973 0.23168020107989473 0.18567918367346936 -2.386476027669432 -0.9596587984065635
21722 10561439 0.7704990757696635 0.23165938503937683 0.18614571428571428 -2.386476027669432 -0.9596587984065635
21723 10561439 0.7705199134024298 0.23163856899885893 0.18661224489795916 -2.386476027669432 -0.9596587984065635
21724 10561439 0.7705407510351959 0.23161775295834103 0.18707877551020408 -2.386476027669432 -0.9596587984065635
21725 10561439 0.7705615886679622 0.23159693691782313 0.18754530612244896 -2.386476027669432 -0.9596587984065635
21726 10561439 0.7705824263007284 0.23157612087730522 0.18801183673469388 -2.386476027669432 -0.9596587984065635
21727 10561439 0.7706032639334945 0.2315553048367873 0.18847836734693876 -2.386476027669432 -0.9596587984065635
21728 10561439 0.7706241015662608 0.2315344887962694 0.18894489795918365 -2.386476027669432 -0.9596587984065635
21729 10561439 0.770644939199027 0.2315136727557515 0.18941142857142856 -2.386476027669432 -0.9596587984065635
21730 10561439 0.7706657768317933 0.2314928567152336 0.18987795918367345 -2.386476027669432 -0.9596587984065635
21731 10561439 0.7706866144645594 0.2314720406747157 0.19034448979591836 -2.386476027669432 -0.9596587984065635
21732 10561439 0.7707074520973257 0.2314512246341978 0.19081102040816325 -2.386476027669432 -0.9596587984065635
21733 10561439 0.7707282897300919 0.2314304085936799 0.19127755102040814 -2.386476027669432 -0.9596587984065635
21734 10561439 0.7707491273628582 0.23140959255316199 0.19174408163265305 -2.386476027669432 -0.9596587984065635
21735 10561439 0.7707699649956243 0.23138877651264406 0.19221061224489794 -2.386476027669432 -0.9596587984065635
21736 10561439 0.7707908026283906 0.23136796047212616 0.19267714285714285 -2.386476027669432 -0.9596587984065635
21737 10561439 0.7708116402611568 0.23134714443160825 0.19314367346938774 -2.386476027669432 -0.9596587984065635
21738 10561439 0.770832477893923 0.23132632839109035 0.19361020408163265 -2.386476027669432 -0.9596587984065635
21739 10561439 0.7708533155266892 0.23130551235057245 0.19407673469387754 -2.386476027669432 -0.9596587984065635
21740 10561439 0.7708741531594554 0.23128469631005455 0.19454326530612243 -2.386476027669432 -0.9596587984065635
21741 10561439 0.7708949907922217 0.23126388026953665 0.19500979591836734 -2.386476027669432 -0.9596587984065635
21742 10561439 0.7709158284249878 0.23124306422901875 0.19547632653061223 -2.386476027669432 -0.9596587984065635
21743 10561439 0.7709366660577541 0.23122224818850082 0.19594285714285714 -2.386476027669432 -0.9596587984065635
21744 10561439 0.7709575036905203 0.23120143214798292 0.19640938775510203 -2.386476027669432 -0.9596587984065635
21745 10561439 0.7709783413232866 0.23118061610746501 0.1968759183673469 -2.386476027669432 -0.9596587984065635
21746 10561439 0.7709991789560527 0.2311598000669471 0.19734244897959183 -2.386476027669432 -0.9596587984065635
21747 10561439 0.771020016588819 0.2311389840264292 0.19780897959183671 -2.386476027669432 -0.9596587984065635
21748 10561439 0.7710408542215852 0.2311181679859113 0.19827551020408163 -2.386476027669432 -0.9596587984065635
21749 10561439 0.7710616918543514 0.2310973519453934 0.19874204081632652 -2.386476027669432 -0.9596587984065635
21750 10561439 0.7710825294871176 0.2310765359048755 0.1992085714285714 -2.386476027669432 -0.9596587984065635
21751 10561439 0.7711033671198838 0.23105571986435758 0.19967510204081632 -2.386476027669432 -0.9596587984065635
21752 10561439 0.7711242047526501 0.23103490382383968 0.2001416326530612 -2.386476027669432 -0.9596587984065635
21753 10561439 0.7711450423854163 0.23101408778332178 0.20060816326530612 -2.386476027669432 -0.9596587984065635
21754 10561439 0.7711658800181825 0.23099327174280387 0.201074693877551 -2.386476027669432 -0.9596587984065635
21755 10561439 0.7711867176509487 0.23097245570228597 0.2015412244897959 -2.386476027669432 -0.9596587984065635
21756 10561439 0.771207555283715 0.23095163966176807 0.2020077551020408 -2.386476027669432 -0.9596587984065635
21757 10561439 0.7712283929164812 0.23093082362125017 0.2024742857142857 -2.386476027669432 -0.9596587984065635
21758 10561439 0.7712492305492474 0.23091000758073227 0.2029408163265306 -2.386476027669432 -0.9596587984065635
21759 10561439 0.7712700681820136 0.23088919154021434 0.2034073469387755 -2.386476027669432 -0.9596587984065635
21760 10561439 0.7712909058147798 0.23086837549969644 0.2038738775510204 -2.386476027669432 -0.9596587984065635
21761 10561439 0.771311743447546 0.23084755945917854 0.2043404081632653 -2.386476027669432 -0.9596587984065635
21762 10561439 0.7713325810803122 0.23082674341866063 0.2048069387755102 -2.386476027669432 -0.9596587984065635
21763 10561439 0.7713534187130785 0.23080592737814273 0.2052734693877551 -2.386476027669432 -0.9596587984065635
21764 10561439 0.7713742563458447 0.23078511133762483 0.20573999999999998 -2.386476027669432 -0.9596587984065635
21765 10561439 0.771395093978611 0.23076429529710693 0.2062065306122449 -2.386476027669432 -0.9596587984065635
21766 10561439 0.7714159316113771 0.230743479256589 0.20667306122448978 -2.386476027669432 -0.9596587984065635
21767 10561439 0.7714367692441434 0.2307226632160711 0.2071395918367347 -2.386476027669432 -0.9596587984065635
21768 10561439 0.7714576068769096 0.2307018471755532 0.20760612244897958 -2.386476027669432 -0.9596587984065635
21769 10561439 0.7714784445096758 0.2306810311350353 0.20807265306122447 -2.386476027669432 -0.9596587984065635
21770 10561439 0.771499282142442 0.2306602150945174 0.20853918367346938 -2.386476027669432 -0.9596587984065635
21771 10561439 0.7715201197752082 0.2306393990539995 0.20900571428571427 -2.386476027669432 -0.9596587984065635
21772 10561439 0.7715409574079745 0.2306185830134816 0.20947224489795918 -2.386476027669432 -0.9596587984065635
21773 10561439 0.7715617950407406 0.2305977669729637 0.20993877551020407 -2.386476027669432 -0.9596587984065635
21774 10561439 0.7715826326735069 0.23057695093244576 0.21040530612244895 -2.386476027669432 -0.9596587984065635
21775 10561439 0.7716034703062731 0.23055613489192786 0.21087183673469387 -2.386476027669432 -0.9596587984065635
