39335 11390060 1.0041800565730856 0.11790538484672235 0.36576 -1.6194615297760395 1.269535573024817
39336 11390060 1.0039020251570374 0.11793780776970142 0.36576 -1.6194615297760395 1.269535573024817
39337 11390060 1.0036239937409892 0.11797023069268048 0.36576 -1.6194615297760395 1.269535573024817
39338 11390060 1.0033459623249412 0.11800265361565955 0.36576 -1.6194615297760395 1.269535573024817
39339 11390060 1.003067930908893 0.11803507653863862 0.36576 -1.6194615297760395 1.269535573024817
39340 11390060 1.0027898994928448 0.11806749946161768 0.36576 -1.6194615297760395 1.269535573024817
39341 11390060 1.0025118680767968 0.11809992238459675 0.36576 -1.6194615297760395 1.269535573024817
39342 11390060 1.0022338366607486 0.11813234530757581 0.36576 -1.6194615297760395 1.269535573024817
39343 11390060 1.0019558052447004 0.11816476823055488 0.36576 -1.6194615297760395 1.269535573024817
39344 11390060 1.0014038481320162 0.11829579860772771 0.36576 -1.6194615297760395 1.269535573024817
39345 11390060 1.000851891019332 0.11842682898490053 0.36576 -1.6194615297760395 1.269535573024817
39346 11390060 1.000299933906648 0.11855785936207336 0.36576 -1.6194615297760395 1.269535573024817
39347 11390060 0.9997479767939639 0.11868888973924618 0.36576 -1.6194615297760395 1.269535573024817
39348 11390060 0.9991960196812797 0.11881992011641901 0.36576 -1.6194615297760395 1.269535573024817
39349 11390060 0.9986440625685956 0.11895095049359182 0.36576 -1.6194615297760395 1.269535573024817
39350 11390060 0.9980921054559114 0.11908198087076464 0.36576 -1.6194615297760395 1.269535573024817
39351 11390060 0.9975401483432274 0.11921301124793747 0.36576 -1.6194615297760395 1.269535573024817
39352 11390060 0.9969881912305432 0.1193440416251103 0.36576 -1.6194615297760395 1.269535573024817
39353 11390060 0.9964362341178591 0.11947507200228312 0.36576 -1.6194615297760395 1.269535573024817
39354 11390060 0.9958842770051749 0.11960610237945594 0.36576 -1.6194615297760395 1.269535573024817
39355 11390060 0.9953323198924908 0.11973713275662877 0.36576 -1.6194615297760395 1.269535573024817
39356 11390060 0.9947803627798066 0.1198681631338016 0.36576 -1.6194615297760395 1.269535573024817
39357 11390060 0.9942284056671226 0.11999919351097442 0.36576 -1.6194615297760395 1.269535573024817
39358 11390060 0.9936764485544384 0.12013022388814724 0.36576 -1.6194615297760395 1.269535573024817
39359 11390060 0.9931244914417543 0.12026125426532007 0.36576 -1.6194615297760395 1.269535573024817
39360 11390060 0.9925725343290701 0.12039228464249288 0.36576 -1.6194615297760395 1.269535573024817
39361 11390060 0.992020577216386 0.1205233150196657 0.36576 -1.6194615297760395 1.269535573024817
39362 11390060 0.9914686201037018 0.12065434539683853 0.36576 -1.6194615297760395 1.269535573024817
39363 11390060 0.9909166629910178 0.12078537577401136 0.36576 -1.6194615297760395 1.269535573024817
39364 11390060 0.9903647058783336 0.12091640615118418 0.36576 -1.6194615297760395 1.269535573024817
39365 11390060 0.9898127487656495 0.121047436528357 0.36576 -1.6194615297760395 1.269535573024817
39366 11390060 0.9892607916529653 0.12117846690552983 0.36576 -1.6194615297760395 1.269535573024817
39367 11390060 0.9887088345402812 0.12130949728270266 0.36576 -1.6194615297760395 1.269535573024817
39368 11390060 0.9881568774275971 0.12144052765987548 0.36576 -1.6194615297760395 1.269535573024817
39369 11390060 0.987604920314913 0.1215715580370483 0.36576 -1.6194615297760395 1.269535573024817
39370 11390060 0.9870529632022288 0.12170258841422113 0.36576 -1.6194615297760395 1.269535573024817
39371 11390060 0.9865010060895447 0.12183361879139394 0.36576 -1.6194615297760395 1.269535573024817
39372 11390060 0.9859490489768605 0.12196464916856677 0.36576 -1.6194615297760395 1.269535573024817
39373 11390060 0.9853970918641765 0.12209567954573959 0.36576 -1.6194615297760395 1.269535573024817
39374 11390060 0.9848451347514923 0.12222670992291242 0.36576 -1.6194615297760395 1.269535573024817
39375 11390060 0.9842931776388082 0.12235774030008524 0.36576 -1.6194615297760395 1.269535573024817
39376 11390060 0.983741220526124 0.12248877067725807 0.36576 -1.6194615297760395 1.269535573024817
39377 11390060 0.9831892634134399 0.12261980105443089 0.36576 -1.6194615297760395 1.269535573024817
39378 11390060 0.9826373063007557 0.12275083143160372 0.36576 -1.6194615297760395 1.269535573024817
39379 11390060 0.9820853491880717 0.12288186180877654 0.36576 -1.6194615297760395 1.269535573024817
39380 11390060 0.9815333920753875 0.12301289218594937 0.36576 -1.6194615297760395 1.269535573024817
39381 11390060 0.9809814349627034 0.12314392256312218 0.36576 -1.6194615297760395 1.269535573024817
39382 11390060 0.9804294778500192 0.123274952940295 0.36576 -1.6194615297760395 1.269535573024817
39383 11390060 0.9798775207373351 0.12340598331746783 0.36576 -1.6194615297760395 1.269535573024817
39384 11390060 0.979325563624651 0.12353701369464065 0.36576 -1.6194615297760395 1.269535573024817
39385 11390060 0.9787736065119669 0.12366804407181348 0.36576 -1.6194615297760395 1.269535573024817
39386 11390060 0.9782216493992827 0.1237990744489863 0.36576 -1.6194615297760395 1.269535573024817
39387 11390060 0.9776696922865986 0.12393010482615913 0.36576 -1.6194615297760395 1.269535573024817
39388 11390060 0.9771177351739144 0.12406113520333195 0.36576 -1.6194615297760395 1.269535573024817
39389 11390060 0.9765657780612303 0.12419216558050478 0.36576 -1.6194615297760395 1.269535573024817
39390 11390060 0.9760138209485462 0.1243231959576776 0.36576 -1.6194615297760395 1.269535573024817
39391 11390060 0.9754618638358621 0.12445422633485043 0.36576 -1.6194615297760395 1.269535573024817
39392 11390060 0.9749099067231779 0.12458525671202325 0.36576 -1.6194615297760395 1.269535573024817
39393 11390060 0.9743579496104938 0.12471628708919606 0.36576 -1.6194615297760395 1.269535573024817
39394 11390060 0.9738059924978096 0.12484731746636889 0.36576 -1.6194615297760395 1.269535573024817
39395 11390060 0.9732540353851256 0.12497834784354171 0.36576 -1.6194615297760395 1.269535573024817
39396 11390060 0.9727020782724414 0.12510937822071455 0.36576 -1.6194615297760395 1.269535573024817
39397 11390060 0.9721501211597573 0.12524040859788738 0.36576 -1.6194615297760395 1.269535573024817
39398 11390060 0.9715981640470731 0.12537143897506017 0.36576 -1.6194615297760395 1.269535573024817
39399 11390060 0.971046206934389 0.125502469352233 0.36576 -1.6194615297760395 1.269535573024817
39400 11390060 0.9704942498217048 0.12563349972940582 0.36576 -1.6194615297760395 1.269535573024817
39401 11390060 0.9699422927090208 0.12576453010657865 0.36576 -1.6194615297760395 1.269535573024817
39402 11390060 0.9693903355963366 0.12589556048375147 0.36576 -1.6194615297760395 1.269535573024817
39403 11390060 0.9688383784836525 0.1260265908609243 0.36576 -1.6194615297760395 1.269535573024817
