27132 11072258 0.46527375163345736 0.19161376362985455 0.381 -4.466818627340397 4.977261310082569
27133 11072258 0.46559022814133044 0.1907704258949642 0.381 -4.466818627340397 4.977261310082569
27134 11072258 0.4659067046492035 0.18992708816007384 0.381 -4.466818627340397 4.977261310082569
27135 11072258 0.46577267315414733 0.19004252896020912 0.3817188679245283 -4.466818627340397 4.977261310082569
27136 11072258 0.4656386416590912 0.19015796976034444 0.3824377358490566 -4.466818627340397 4.977261310082569
27137 11072258 0.4655046101640351 0.19027341056047972 0.3831566037735849 -4.466818627340397 4.977261310082569
27138 11072258 0.46537057866897896 0.190388851360615 0.3838754716981132 -4.466818627340397 4.977261310082569
27139 11072258 0.4652365471739228 0.19050429216075032 0.3845943396226415 -4.466818627340397 4.977261310082569
27140 11072258 0.4651025156788667 0.1906197329608856 0.3853132075471698 -4.466818627340397 4.977261310082569
27141 11072258 0.46496848418381054 0.1907351737610209 0.3860320754716981 -4.466818627340397 4.977261310082569
27142 11072258 0.46483445268875445 0.19085061456115618 0.3867509433962264 -4.466818627340397 4.977261310082569
27143 11072258 0.4647004211936983 0.1909660553612915 0.38746981132075475 -4.466818627340397 4.977261310082569
27144 11072258 0.46456638969864217 0.19108149616142678 0.38818867924528305 -4.466818627340397 4.977261310082569
27145 11072258 0.464432358203586 0.19119693696156206 0.38890754716981135 -4.466818627340397 4.977261310082569
27146 11072258 0.4642983267085299 0.19131237776169738 0.38962641509433965 -4.466818627340397 4.977261310082569
27147 11072258 0.4641642952134738 0.19142781856183266 0.39034528301886795 -4.466818627340397 4.977261310082569
27148 11072258 0.46403026371841766 0.19154325936196795 0.39106415094339625 -4.466818627340397 4.977261310082569
27149 11072258 0.4638962322233615 0.19165870016210326 0.39178301886792455 -4.466818627340397 4.977261310082569
27150 11072258 0.4637622007283054 0.19177414096223855 0.39250188679245285 -4.466818627340397 4.977261310082569
27151 11072258 0.4636281692332493 0.19188958176237383 0.39322075471698115 -4.466818627340397 4.977261310082569
27152 11072258 0.46349413773819315 0.19200502256250912 0.39393962264150945 -4.466818627340397 4.977261310082569
27153 11072258 0.463360106243137 0.19212046336264443 0.39465849056603775 -4.466818627340397 4.977261310082569
27154 11072258 0.46322607474808086 0.19223590416277972 0.39537735849056604 -4.466818627340397 4.977261310082569
27155 11072258 0.4630920432530247 0.192351344962915 0.39609622641509434 -4.466818627340397 4.977261310082569
27156 11072258 0.46295801175796863 0.19246678576305032 0.39681509433962264 -4.466818627340397 4.977261310082569
27157 11072258 0.4628239802629125 0.1925822265631856 0.39753396226415094 -4.466818627340397 4.977261310082569
27158 11072258 0.46268994876785635 0.1926976673633209 0.39825283018867924 -4.466818627340397 4.977261310082569
27159 11072258 0.4625559172728002 0.1928131081634562 0.39897169811320754 -4.466818627340397 4.977261310082569
27160 11072258 0.46242188577774407 0.1929285489635915 0.3996905660377359 -4.466818627340397 4.977261310082569
27161 11072258 0.462287854282688 0.19304398976372678 0.40040943396226414 -4.466818627340397 4.977261310082569
27162 11072258 0.46215382278763184 0.19315943056386206 0.4011283018867925 -4.466818627340397 4.977261310082569
27163 11072258 0.4620197912925757 0.19327487136399737 0.4018471698113208 -4.466818627340397 4.977261310082569
27164 11072258 0.46188575979751956 0.19339031216413266 0.4025660377358491 -4.466818627340397 4.977261310082569
27165 11072258 0.4617517283024634 0.19350575296426795 0.4032849056603774 -4.466818627340397 4.977261310082569
27166 11072258 0.46161769680740733 0.19362119376440326 0.4040037735849057 -4.466818627340397 4.977261310082569
27167 11072258 0.4614836653123512 0.19373663456453855 0.404722641509434 -4.466818627340397 4.977261310082569
27168 11072258 0.46134963381729505 0.19385207536467383 0.4054415094339623 -4.466818627340397 4.977261310082569
27169 11072258 0.4612156023222389 0.19396751616480915 0.4061603773584906 -4.466818627340397 4.977261310082569
27170 11072258 0.46108157082718276 0.19408295696494443 0.4068792452830189 -4.466818627340397 4.977261310082569
27171 11072258 0.4609475393321267 0.19419839776507972 0.4075981132075472 -4.466818627340397 4.977261310082569
27172 11072258 0.46081350783707054 0.194313838565215 0.4083169811320755 -4.466818627340397 4.977261310082569
27173 11072258 0.4606794763420144 0.19442927936535032 0.4090358490566038 -4.466818627340397 4.977261310082569
27174 11072258 0.46054544484695825 0.1945447201654856 0.4097547169811321 -4.466818627340397 4.977261310082569
27175 11072258 0.46041141335190217 0.1946601609656209 0.4104735849056604 -4.466818627340397 4.977261310082569
27176 11072258 0.460277381856846 0.1947756017657562 0.4111924528301887 -4.466818627340397 4.977261310082569
27177 11072258 0.4601433503617899 0.1948910425658915 0.411911320754717 -4.466818627340397 4.977261310082569
27178 11072258 0.46000931886673374 0.19500648336602677 0.4126301886792453 -4.466818627340397 4.977261310082569
27179 11072258 0.4598752873716776 0.1951219241661621 0.41334905660377363 -4.466818627340397 4.977261310082569
27180 11072258 0.4597412558766215 0.19523736496629737 0.41406792452830193 -4.466818627340397 4.977261310082569
27181 11072258 0.45960722438156537 0.19535280576643266 0.41478679245283023 -4.466818627340397 4.977261310082569
27182 11072258 0.45947319288650923 0.19546824656656797 0.41550566037735853 -4.466818627340397 4.977261310082569
27183 11072258 0.4593391613914531 0.19558368736670326 0.41622452830188683 -4.466818627340397 4.977261310082569
27184 11072258 0.45920512989639695 0.19569912816683854 0.41694339622641513 -4.466818627340397 4.977261310082569
27185 11072258 0.45907109840134086 0.19581456896697383 0.41766226415094343 -4.466818627340397 4.977261310082569
27186 11072258 0.4589370669062847 0.19593000976710914 0.41838113207547173 -4.466818627340397 4.977261310082569
27187 11072258 0.4588030354112286 0.19604545056724443 0.41910000000000003 -4.466818627340397 4.977261310082569
27188 11072258 0.45866900391617244 0.19616089136737971 0.4198188679245283 -4.466818627340397 4.977261310082569
27189 11072258 0.4585349724211163 0.19627633216751503 0.4205377358490566 -4.466818627340397 4.977261310082569
27190 11072258 0.4584009409260602 0.1963917729676503 0.4212566037735849 -4.466818627340397 4.977261310082569
27191 11072258 0.45826690943100407 0.1965072137677856 0.4219754716981132 -4.466818627340397 4.977261310082569
27192 11072258 0.4581328779359479 0.19662265456792088 0.4226943396226415 -4.466818627340397 4.977261310082569
27193 11072258 0.4579988464408918 0.1967380953680562 0.4234132075471698 -4.466818627340397 4.977261310082569
27194 11072258 0.45786481494583564 0.19685353616819148 0.4241320754716981 -4.466818627340397 4.977261310082569
