22878 10866934 0.9338144400922285 0.1623908020129427 0.38861941473156 2.4052100301063666 -2.6800637823521534
22879 10866934 0.9338145642959336 0.1623904862583481 0.38861882946311993 2.4052100301063666 -2.6800637823521534
22880 10866934 0.9338146884996387 0.1623901705037535 0.3886182441946799 2.4052100301063666 -2.6800637823521534
22881 10866934 0.9338148127033438 0.1623898547491589 0.38861765892623984 2.4052100301063666 -2.6800637823521534
22882 10866934 0.9338149369070489 0.1623895389945643 0.38861707365779974 2.4052100301063666 -2.6800637823521534
22883 10866934 0.933815061110754 0.16238922323996968 0.3886164883893597 2.4052100301063666 -2.6800637823521534
22884 10866934 0.9338151853144591 0.1623889074853751 0.38861590312091965 2.4052100301063666 -2.6800637823521534
22885 10866934 0.933815309518164 0.1623885917307805 0.3886153178524796 2.4052100301063666 -2.6800637823521534
22886 10866934 0.9338154337218691 0.16238827597618588 0.38861473258403956 2.4052100301063666 -2.6800637823521534
22887 10866934 0.9338155579255742 0.16238796022159127 0.3886141473155995 2.4052100301063666 -2.6800637823521534
22888 10866934 0.9338156821292793 0.16238764446699666 0.38861356204715947 2.4052100301063666 -2.6800637823521534
22889 10866934 0.9338158063329844 0.16238732871240208 0.3886129767787194 2.4052100301063666 -2.6800637823521534
22890 10866934 0.9338159305366895 0.16238701295780747 0.3886123915102793 2.4052100301063666 -2.6800637823521534
22891 10866934 0.9338160547403946 0.16238669720321286 0.3886118062418393 2.4052100301063666 -2.6800637823521534
22892 10866934 0.9338161789440997 0.16238638144861825 0.38861122097339923 2.4052100301063666 -2.6800637823521534
22893 10866934 0.9338163031478048 0.16238606569402367 0.3886106357049592 2.4052100301063666 -2.6800637823521534
22894 10866934 0.9338164273515099 0.16238574993942906 0.38861005043651914 2.4052100301063666 -2.6800637823521534
22895 10866934 0.933816551555215 0.16238543418483445 0.3886094651680791 2.4052100301063666 -2.6800637823521534
22896 10866934 0.9338166757589201 0.16238511843023984 0.38860887989963905 2.4052100301063666 -2.6800637823521534
22897 10866934 0.9338167999626252 0.16238480267564523 0.388608294631199 2.4052100301063666 -2.6800637823521534
22898 10866934 0.9338169241663303 0.16238448692105065 0.3886077093627589 2.4052100301063666 -2.6800637823521534
22899 10866934 0.9338170483700354 0.16238417116645604 0.38860712409431886 2.4052100301063666 -2.6800637823521534
22900 10866934 0.9338171725737404 0.16238385541186143 0.3886065388258788 2.4052100301063666 -2.6800637823521534
22901 10866934 0.9338172967774455 0.16238353965726682 0.38860595355743877 2.4052100301063666 -2.6800637823521534
22902 10866934 0.9338174209811506 0.16238322390267224 0.3886053682889987 2.4052100301063666 -2.6800637823521534
22903 10866934 0.9338175451848557 0.16238290814807763 0.3886047830205587 2.4052100301063666 -2.6800637823521534
22904 10866934 0.9338176693885608 0.16238259239348302 0.38860419775211863 2.4052100301063666 -2.6800637823521534
22905 10866934 0.9338177935922659 0.1623822766388884 0.3886036124836786 2.4052100301063666 -2.6800637823521534
22906 10866934 0.933817917795971 0.1623819608842938 0.3886030272152385 2.4052100301063666 -2.6800637823521534
22907 10866934 0.9338180419996761 0.16238164512969921 0.38860244194679844 2.4052100301063666 -2.6800637823521534
22908 10866934 0.9338181662033812 0.1623813293751046 0.3886018566783584 2.4052100301063666 -2.6800637823521534
22909 10866934 0.9338182904070863 0.16238101362051 0.38860127140991835 2.4052100301063666 -2.6800637823521534
22910 10866934 0.9338184146107914 0.16238069786591539 0.3886006861414783 2.4052100301063666 -2.6800637823521534
22911 10866934 0.9338185388144965 0.1623803821113208 0.38860010087303826 2.4052100301063666 -2.6800637823521534
22912 10866934 0.9338186630182016 0.1623800663567262 0.3885995156045982 2.4052100301063666 -2.6800637823521534
22913 10866934 0.9338187872219067 0.16237975060213158 0.38859893033615817 2.4052100301063666 -2.6800637823521534
22914 10866934 0.9338189114256118 0.16237943484753697 0.38859834506771807 2.4052100301063666 -2.6800637823521534
22915 10866934 0.9338190356293168 0.16237911909294236 0.388597759799278 2.4052100301063666 -2.6800637823521534
22916 10866934 0.9338191598330219 0.16237880333834778 0.388597174530838 2.4052100301063666 -2.6800637823521534
22917 10866934 0.933819284036727 0.16237848758375317 0.38859658926239793 2.4052100301063666 -2.6800637823521534
22918 10866934 0.9338194082404321 0.16237817182915856 0.3885960039939579 2.4052100301063666 -2.6800637823521534
22919 10866934 0.9338195324441372 0.16237785607456395 0.38859541872551784 2.4052100301063666 -2.6800637823521534
22920 10866934 0.9338196566478423 0.16237754031996937 0.3885948334570778 2.4052100301063666 -2.6800637823521534
22921 10866934 0.9338197808515474 0.16237722456537476 0.38859424818863775 2.4052100301063666 -2.6800637823521534
22922 10866934 0.9338199050552525 0.16237690881078015 0.38859366292019765 2.4052100301063666 -2.6800637823521534
22923 10866934 0.9338200292589576 0.16237659305618554 0.3885930776517576 2.4052100301063666 -2.6800637823521534
22924 10866934 0.9338201534626627 0.16237627730159093 0.38859249238331756 2.4052100301063666 -2.6800637823521534
22925 10866934 0.9338202776663678 0.16237596154699635 0.3885919071148775 2.4052100301063666 -2.6800637823521534
22926 10866934 0.9338204018700729 0.16237564579240174 0.38859132184643747 2.4052100301063666 -2.6800637823521534
22927 10866934 0.933820526073778 0.16237533003780713 0.3885907365779974 2.4052100301063666 -2.6800637823521534
22928 10866934 0.9338206502774831 0.16237501428321252 0.3885901513095574 2.4052100301063666 -2.6800637823521534
22929 10866934 0.9338207744811882 0.16237469852861794 0.38858956604111733 2.4052100301063666 -2.6800637823521534
22930 10866934 0.9338208986848932 0.16237438277402333 0.38858898077267723 2.4052100301063666 -2.6800637823521534
22931 10866934 0.9338210228885983 0.16237406701942872 0.3885883955042372 2.4052100301063666 -2.6800637823521534
22932 10866934 0.9338211470923033 0.1623737512648341 0.38858781023579714 2.4052100301063666 -2.6800637823521534
22933 10866934 0.9338212712960084 0.1623734355102395 0.3885872249673571 2.4052100301063666 -2.6800637823521534
22934 10866934 0.9338213954997135 0.16237311975564492 0.38858663969891705 2.4052100301063666 -2.6800637823521534
22935 10866934 0.9338215197034186 0.1623728040010503 0.388586054430477 2.4052100301063666 -2.6800637823521534
22936 10866934 0.9338216439071237 0.1623724882464557 0.38858546916203696 2.4052100301063666 -2.6800637823521534
22937 10866934 0.9338217681108288 0.1623721724918611 0.3885848838935969 2.4052100301063666 -2.6800637823521534
