48309 10628960 0.47780942595893555 0.19899784139046242 0.39624000000000004 1.4379406768625005 4.401006272595418
48310 10628960 0.4778590759897931 0.1989740627391455 0.39624000000000004 1.4379406768625005 4.401006272595418
48311 10628960 0.4779087260206507 0.19895028408782858 0.39624000000000004 1.4379406768625005 4.401006272595418
48312 10628960 0.47795837605150826 0.19892650543651166 0.39624000000000004 1.4379406768625005 4.401006272595418
48313 10628960 0.47800802608236587 0.19890272678519474 0.39624000000000004 1.4379406768625005 4.401006272595418
48314 10628960 0.4780576761132234 0.1988789481338778 0.39624000000000004 1.4379406768625005 4.401006272595418
48315 10628960 0.478107326144081 0.19885516948256088 0.39624000000000004 1.4379406768625005 4.401006272595418
48316 10628960 0.4781569761749386 0.19883139083124396 0.39624000000000004 1.4379406768625005 4.401006272595418
48317 10628960 0.4782066262057962 0.19880761217992704 0.39624000000000004 1.4379406768625005 4.401006272595418
48318 10628960 0.47825627623665373 0.19878383352861012 0.39624000000000004 1.4379406768625005 4.401006272595418
48319 10628960 0.47830592626751134 0.1987600548772932 0.39624000000000004 1.4379406768625005 4.401006272595418
48320 10628960 0.4783555762983689 0.19873627622597628 0.39624000000000004 1.4379406768625005 4.401006272595418
48321 10628960 0.4784052263292265 0.19871249757465936 0.39624000000000004 1.4379406768625005 4.401006272595418
48322 10628960 0.47845487636008405 0.19868871892334244 0.39624000000000004 1.4379406768625005 4.401006272595418
48323 10628960 0.47850452639094165 0.19866494027202553 0.39624000000000004 1.4379406768625005 4.401006272595418
48324 10628960 0.4785541764217992 0.19864116162070858 0.39624000000000004 1.4379406768625005 4.401006272595418
48325 10628960 0.4786038264526568 0.19861738296939166 0.39624000000000004 1.4379406768625005 4.401006272595418
48326 10628960 0.47865347648351436 0.19859360431807474 0.39624000000000004 1.4379406768625005 4.401006272595418
48327 10628960 0.47870312651437197 0.19856982566675782 0.39624000000000004 1.4379406768625005 4.401006272595418
48328 10628960 0.4787527765452295 0.1985460470154409 0.39624000000000004 1.4379406768625005 4.401006272595418
48329 10628960 0.4788024265760871 0.19852226836412398 0.39624000000000004 1.4379406768625005 4.401006272595418
48330 10628960 0.4788520766069447 0.19849848971280706 0.39624000000000004 1.4379406768625005 4.401006272595418
48331 10628960 0.4789017266378023 0.19847471106149014 0.39624000000000004 1.4379406768625005 4.401006272595418
48332 10628960 0.47895137666865983 0.19845093241017323 0.39624000000000004 1.4379406768625005 4.401006272595418
48333 10628960 0.47900102669951744 0.1984271537588563 0.39624000000000004 1.4379406768625005 4.401006272595418
48334 10628960 0.479050676730375 0.1984033751075394 0.39624000000000004 1.4379406768625005 4.401006272595418
48335 10628960 0.4791003267612326 0.19837959645622244 0.39624000000000004 1.4379406768625005 4.401006272595418
48336 10628960 0.47914997679209015 0.19835581780490552 0.39624000000000004 1.4379406768625005 4.401006272595418
48337 10628960 0.47919962682294776 0.1983320391535886 0.39624000000000004 1.4379406768625005 4.401006272595418
48338 10628960 0.4792492768538053 0.19830826050227168 0.39624000000000004 1.4379406768625005 4.401006272595418
48339 10628960 0.4792989268846629 0.19828448185095476 0.39624000000000004 1.4379406768625005 4.401006272595418
48340 10628960 0.47934857691552046 0.19826070319963784 0.39624000000000004 1.4379406768625005 4.401006272595418
48341 10628960 0.47939822694637807 0.19823692454832093 0.39624000000000004 1.4379406768625005 4.401006272595418
48342 10628960 0.4794478769772356 0.198213145897004 0.39624000000000004 1.4379406768625005 4.401006272595418
48343 10628960 0.4794975270080932 0.1981893672456871 0.39624000000000004 1.4379406768625005 4.401006272595418
48344 10628960 0.4795471770389508 0.19816558859437017 0.39624000000000004 1.4379406768625005 4.401006272595418
48345 10628960 0.4795968270698084 0.19814180994305322 0.39624000000000004 1.4379406768625005 4.401006272595418
48346 10628960 0.47964647710066594 0.1981180312917363 0.39624000000000004 1.4379406768625005 4.401006272595418
48347 10628960 0.47969612713152354 0.19809425264041938 0.39624000000000004 1.4379406768625005 4.401006272595418
48348 10628960 0.47974577716238115 0.19807047398910246 0.39624000000000004 1.4379406768625005 4.401006272595418
48349 10628960 0.4797954271932387 0.19804669533778554 0.39624000000000004 1.4379406768625005 4.401006272595418
48350 10628960 0.4798450772240963 0.19802291668646863 0.39624000000000004 1.4379406768625005 4.401006272595418
48351 10628960 0.47989472725495386 0.1979991380351517 0.39624000000000004 1.4379406768625005 4.401006272595418
48352 10628960 0.47994437728581146 0.1979753593838348 0.39624000000000004 1.4379406768625005 4.401006272595418
48353 10628960 0.479994027316669 0.19795158073251787 0.39624000000000004 1.4379406768625005 4.401006272595418
48354 10628960 0.4800436773475266 0.19792780208120095 0.39624000000000004 1.4379406768625005 4.401006272595418
48355 10628960 0.48009332737838417 0.19790402342988403 0.39624000000000004 1.4379406768625005 4.401006272595418
48356 10628960 0.4801429774092418 0.19788024477856708 0.39624000000000004 1.4379406768625005 4.401006272595418
48357 10628960 0.48019262744009933 0.19785646612725016 0.39624000000000004 1.4379406768625005 4.401006272595418
48358 10628960 0.48024227747095694 0.19783268747593324 0.39624000000000004 1.4379406768625005 4.401006272595418
48359 10628960 0.4802919275018145 0.19780890882461633 0.39624000000000004 1.4379406768625005 4.401006272595418
48360 10628960 0.4803415775326721 0.1977851301732994 0.39624000000000004 1.4379406768625005 4.401006272595418
48361 10628960 0.48039122756352964 0.1977613515219825 0.39624000000000004 1.4379406768625005 4.401006272595418
48362 10628960 0.48044087759438725 0.19773757287066557 0.39624000000000004 1.4379406768625005 4.401006272595418
48363 10628960 0.4804905276252448 0.19771379421934865 0.39624000000000004 1.4379406768625005 4.401006272595418
48364 10628960 0.4805401776561024 0.19769001556803173 0.39624000000000004 1.4379406768625005 4.401006272595418
48365 10628960 0.48058982768695996 0.1976662369167148 0.39624000000000004 1.4379406768625005 4.401006272595418
48366 10628960 0.48063947771781756 0.1976424582653979 0.39624000000000004 1.4379406768625005 4.401006272595418
48367 10628960 0.4806891277486751 0.19761867961408094 0.39624000000000004 1.4379406768625005 4.401006272595418
48368 10628960 0.4807387777795327 0.19759490096276403 0.39624000000000004 1.4379406768625005 4.401006272595418
