38466 10628960 0.6130636303398941 0.1654618877676413 0.3048 0.0 0.0
38467 10628960 0.61279531055743 0.1654561039159133 0.3048 0.0 0.0
38468 10628960 0.6125269907749659 0.1654503200641853 0.3048 0.0 0.0
38469 10628960 0.6122586709925018 0.1654445362124573 0.3048 0.0 0.0
38470 10628960 0.6119903512100375 0.1654387523607293 0.3048 0.0 0.0
38471 10628960 0.6117220314275734 0.16543296850900127 0.3048 0.0 0.0
38472 10628960 0.6114537116451093 0.16542718465727327 0.3048 0.0 0.0
38473 10628960 0.6111853918626452 0.16542140080554527 0.3048 0.0 0.0
38474 10628960 0.6109170720801811 0.16541561695381726 0.3048 0.0 0.0
38475 10628960 0.610648752297717 0.16540983310208926 0.3048 0.0 0.0
38476 10628960 0.6103804325152529 0.16540404925036126 0.3048 0.0 0.0
38477 10628960 0.6101121127327888 0.16539826539863325 0.3048 0.0 0.0
38478 10628960 0.6098437929503246 0.16539248154690525 0.3048 0.0 0.0
38479 10628960 0.6095754731678605 0.16538669769517725 0.3048 0.0 0.0
38480 10628960 0.6093071533853964 0.16538091384344922 0.3048 0.0 0.0
38481 10628960 0.6090388336029322 0.16537512999172121 0.3048 0.0 0.0
38482 10628960 0.6087705138204681 0.1653693461399932 0.3048 0.0 0.0
38483 10628960 0.608502194038004 0.1653635622882652 0.3048 0.0 0.0
38484 10628960 0.6082338742555399 0.1653577784365372 0.3048 0.0 0.0
38485 10628960 0.6079655544730758 0.1653519945848092 0.3048 0.0 0.0
38486 10628960 0.6081576470725851 0.16532449357693582 0.3048 0.0 0.0
38487 10628960 0.6083497396720945 0.16529699256906244 0.3048 0.0 0.0
38488 10628960 0.6085418322716039 0.16526949156118906 0.3048 0.0 0.0
38489 10628960 0.6087339248711132 0.16524199055331568 0.3048 0.0 0.0
38490 10628960 0.6089260174706225 0.1652144895454423 0.3048 0.0 0.0
38491 10628960 0.6091181100701318 0.1651869885375689 0.3048 0.0 0.0
38492 10628960 0.6093102026696412 0.16515948752969553 0.3048 0.0 0.0
38493 10628960 0.6095022952691506 0.16513198652182215 0.3048 0.0 0.0
38494 10628960 0.6096943878686599 0.16510448551394877 0.3048 0.0 0.0
38495 10628960 0.6098864804681693 0.16507698450607539 0.3048 0.0 0.0
38496 10628960 0.6100785730676787 0.165049483498202 0.3048 0.0 0.0
38497 10628960 0.610270665667188 0.16502198249032862 0.3048 0.0 0.0
38498 10628960 0.6104627582666974 0.16499448148245524 0.3048 0.0 0.0
38499 10628960 0.6106548508662066 0.16496698047458186 0.3048 0.0 0.0
38500 10628960 0.610846943465716 0.16493947946670848 0.3048 0.0 0.0
38501 10628960 0.6110390360652254 0.1649119784588351 0.3048 0.0 0.0
38502 10628960 0.6112311286647347 0.16488447745096171 0.3048 0.0 0.0
38503 10628960 0.6114232212642441 0.16485697644308833 0.3048 0.0 0.0
38504 10628960 0.6116153138637535 0.16482947543521495 0.3048 0.0 0.0
38505 10628960 0.6118074064632628 0.16480197442734157 0.3048 0.0 0.0
38506 10628960 0.6119994990627722 0.1647744734194682 0.3048 0.0 0.0
38507 10628960 0.6121915916622815 0.1647469724115948 0.3048 0.0 0.0
38508 10628960 0.6123836842617908 0.16471947140372142 0.3048 0.0 0.0
38509 10628960 0.6125757768613002 0.16469197039584804 0.3048 0.0 0.0
38510 10628960 0.6127678694608095 0.16466446938797466 0.3048 0.0 0.0
38511 10628960 0.6129599620603189 0.16463696838010128 0.3048 0.0 0.0
38512 10628960 0.6131520546598282 0.16460946737222787 0.3048 0.0 0.0
38513 10628960 0.6133441472593376 0.1645819663643545 0.3048 0.0 0.0
38514 10628960 0.613536239858847 0.1645544653564811 0.3048 0.0 0.0
38515 10628960 0.6137283324583563 0.16452696434860772 0.3048 0.0 0.0
38516 10628960 0.6139204250578656 0.16449946334073434 0.3048 0.0 0.0
38517 10628960 0.614112517657375 0.16447196233286096 0.3048 0.0 0.0
38518 10628960 0.6143046102568843 0.16444446132498758 0.3048 0.0 0.0
38519 10628960 0.6144967028563937 0.1644169603171142 0.3048 0.0 0.0
38520 10628960 0.614688795455903 0.16438945930924082 0.3048 0.0 0.0
38521 10628960 0.6148808880554124 0.16436195830136743 0.3048 0.0 0.0
38522 10628960 0.6150729806549218 0.16433445729349405 0.3048 0.0 0.0
38523 10628960 0.6152650732544311 0.16430695628562067 0.3048 0.0 0.0
38524 10628960 0.6154571658539405 0.1642794552777473 0.3048 0.0 0.0
38525 10628960 0.6156492584534498 0.1642519542698739 0.3048 0.0 0.0
38526 10628960 0.6158413510529591 0.16422445326200052 0.3048 0.0 0.0
38527 10628960 0.6160334436524685 0.16419695225412714 0.3048 0.0 0.0
38528 10628960 0.6162255362519778 0.16416945124625376 0.3048 0.0 0.0
38529 10628960 0.6164176288514872 0.16414195023838038 0.3048 0.0 0.0
38530 10628960 0.6166097214509966 0.164114449230507 0.3048 0.0 0.0
38531 10628960 0.6168018140505059 0.16408694822263362 0.3048 0.0 0.0
38532 10628960 0.6169939066500153 0.16405944721476023 0.3048 0.0 0.0
38533 10628960 0.6171859992495247 0.16403194620688685 0.3048 0.0 0.0
38534 10628960 0.6173780918490339 0.16400444519901347 0.3048 0.0 0.0
38535 10628960 0.6175701844485433 0.1639769441911401 0.3048 0.0 0.0
38536 10628960 0.6177622770480526 0.1639494431832667 0.3048 0.0 0.0
38537 10628960 0.617954369647562 0.16392194217539333 0.3048 0.0 0.0
38538 10628960 0.6181464622470714 0.16389444116751994 0.3048 0.0 0.0
38539 10628960 0.6181262499977217 0.1638325861276583 0.30460585987261146 0.0 0.0
38540 10628960 0.618106037748372 0.16377073108779666 0.30441171974522296 0.0 0.0
38541 10628960 0.6180858254990225 0.16370887604793502 0.3042175796178344 0.0 0.0
38542 10628960 0.6180656132496728 0.16364702100807338 0.30402343949044586 0.0 0.0
38543 10628960 0.6180454010003231 0.16358516596821174 0.30382929936305736 0.0 0.0
38544 10628960 0.6180251887509735 0.1635233109283501 0.3036351592356688 0.0 0.0
38545 10628960 0.6180049765016239 0.16346145588848843 0.30344101910828025 0.0 0.0
38546 10628960 0.6179847642522742 0.16339960084862679 0.30324687898089175 0.0 0.0
38547 10628960 0.6179645520029245 0.16333774580876514 0.3030527388535032 0.0 0.0
38548 10628960 0.6179443397535749 0.1632758907689035 0.30285859872611465 0.0 0.0
38549 10628960 0.6179241275042253 0.16321403572904186 0.30266445859872615 0.0 0.0
38550 10628960 0.6179039152548756 0.16315218068918022 0.3024703184713376 0.0 0.0
38551 10628960 0.617883703005526 0.16309032564931858 0.30227617834394904 0.0 0.0
38552 10628960 0.6178634907561763 0.16302847060945694 0.30208203821656054 0.0 0.0
38553 10628960 0.6178432785068267 0.1629666155695953 0.301887898089172 0.0 0.0
38554 10628960 0.6178230662574771 0.16290476052973366 0.30169375796178344 0.0 0.0
38555 10628960 0.6178028540081274 0.16284290548987201 0.30149961783439494 0.0 0.0
38556 10628960 0.6177826417587777 0.16278105045001037 0.3013054777070064 0.0 0.0
38557 10628960 0.6177624295094281 0.1627191954101487 0.30111133757961783 0.0 0.0
38558 10628960 0.6177422172600785 0.16265734037028706 0.30091719745222933 0.0 0.0
38559 10628960 0.6177220050107288 0.16259548533042542 0.3007230573248408 0.0 0.0
38560 10628960 0.6177017927613792 0.16253363029056378 0.30052891719745223 0.0 0.0
38561 10628960 0.6176815805120295 0.16247177525070214 0.30033477707006373 0.0 0.0
38562 10628960 0.6176613682626799 0.1624099202108405 0.3001406369426752 0.0 0.0
38563 10628960 0.6176411560133303 0.16234806517097886 0.2999464968152866 0.0 0.0
38564 10628960 0.6176209437639806 0.16228621013111721 0.2997523566878981 0.0 0.0
38565 10628960 0.6176007315146309 0.16222435509125557 0.29955821656050957 0.0 0.0
38566 10628960 0.6175805192652813 0.16216250005139393 0.299364076433121 0.0 0.0
38567 10628960 0.6175603070159317 0.1621006450115323 0.2991699363057325 0.0 0.0
38568 10628960 0.617540094766582 0.16203878997167065 0.29897579617834397 0.0 0.0
38569 10628960 0.6175198825172323 0.16197693493180898 0.2987816560509554 0.0 0.0
38570 10628960 0.6174996702678828 0.16191507989194734 0.2985875159235669 0.0 0.0
38571 10628960 0.6174794580185331 0.1618532248520857 0.29839337579617836 0.0 0.0
38572 10628960 0.6174592457691834 0.16179136981222406 0.2981992356687898 0.0 0.0
38573 10628960 0.6174390335198338 0.16172951477236241 0.2980050955414013 0.0 0.0
38574 10628960 0.6174188212704841 0.16166765973250077 0.29781095541401276 0.0 0.0
38575 10628960 0.6173986090211345 0.16160580469263913 0.2976168152866242 0.0 0.0
38576 10628960 0.6173783967717849 0.1615439496527775 0.2974226751592357 0.0 0.0
38577 10628960 0.6173581845224352 0.16148209461291585 0.29722853503184715 0.0 0.0
38578 10628960 0.6173379722730855 0.1614202395730542 0.2970343949044586 0.0 0.0
38579 10628960 0.617317760023736 0.16135838453319257 0.2968402547770701 0.0 0.0
38580 10628960 0.6172975477743863 0.16129652949333093 0.29664611464968155 0.0 0.0
38581 10628960 0.6172773355250366 0.16123467445346926 0.296451974522293 0.0 0.0
38582 10628960 0.6172571232756869 0.16117281941360762 0.2962578343949045 0.0 0.0
38583 10628960 0.6172369110263374 0.16111096437374597 0.29606369426751594 0.0 0.0
38584 10628960 0.6172166987769877 0.16104910933388433 0.2958695541401274 0.0 0.0
38585 10628960 0.617196486527638 0.1609872542940227 0.2956754140127389 0.0 0.0
38586 10628960 0.6171762742782884 0.16092539925416105 0.29548127388535034 0.0 0.0
38587 10628960 0.6171560620289388 0.1608635442142994 0.2952871337579618 0.0 0.0
38588 10628960 0.6171358497795891 0.16080168917443777 0.2950929936305733 0.0 0.0
38589 10628960 0.6171156375302395 0.16073983413457613 0.29489885350318473 0.0 0.0
38590 10628960 0.6170954252808898 0.16067797909471448 0.2947047133757962 0.0 0.0
38591 10628960 0.6170752130315401 0.16061612405485284 0.2945105732484077 0.0 0.0
38592 10628960 0.6170550007821906 0.1605542690149912 0.2943164331210191 0.0 0.0
38593 10628960 0.6170347885328409 0.16049241397512953 0.2941222929936306 0.0 0.0
38594 10628960 0.6170145762834912 0.1604305589352679 0.2939281528662421 0.0 0.0
38595 10628960 0.6169943640341415 0.16036870389540625 0.2937340127388535 0.0 0.0
38596 10628960 0.616974151784792 0.1603068488555446 0.29353987261146497 0.0 0.0
38597 10628960 0.6169539395354423 0.16024499381568297 0.29334573248407647 0.0 0.0
38598 10628960 0.6169337272860926 0.16018313877582133 0.2931515923566879 0.0 0.0
