38696 10628960 0.61495640921884 0.1547143930497983 0.27432 0.0 0.0
38697 10628960 0.6149396793385029 0.15524558619035472 0.27432 0.0 0.0
38698 10628960 0.6149229494581658 0.15577677933091116 0.27432 0.0 0.0
38699 10628960 0.6149062195778286 0.15630797247146758 0.27432 0.0 0.0
38700 10628960 0.6148894896974916 0.156839165612024 0.27432 0.0 0.0
38701 10628960 0.6148727598171545 0.15737035875258043 0.27432 0.0 0.0
38702 10628960 0.6148560299368174 0.15790155189313684 0.27432 0.0 0.0
38703 10628960 0.6148393000564804 0.15843274503369326 0.27432 0.0 0.0
38704 10628960 0.6148225701761433 0.15896393817424967 0.27432 0.0 0.0
38705 10628960 0.6148058402958062 0.15949513131480608 0.27432 0.0 0.0
38706 10628960 0.614789110415469 0.16002632445536252 0.27432 0.0 0.0
38707 10628960 0.614772380535132 0.16055751759591894 0.27432 0.0 0.0
38708 10628960 0.6147556506547949 0.16108871073647535 0.27432 0.0 0.0
38709 10628960 0.6147389207744578 0.1616199038770318 0.27432 0.0 0.0
38710 10628960 0.6147221908941207 0.1621510970175882 0.27432 0.0 0.0
38711 10628960 0.6147054610137836 0.16268229015814462 0.27432 0.0 0.0
38712 10628960 0.6146887311334466 0.16321348329870103 0.27432 0.0 0.0
38713 10628960 0.6146720012531094 0.16374467643925744 0.27432 0.0 0.0
38714 10628960 0.6146552713727723 0.16427586957981388 0.27432 0.0 0.0
38715 10628960 0.6146385414924352 0.1648070627203703 0.27432 0.0 0.0
38716 10628960 0.6146218116120982 0.1653382558609267 0.27432 0.0 0.0
38717 10628960 0.6146050817317611 0.16586944900148315 0.27432 0.0 0.0
38718 10628960 0.614588351851424 0.16640064214203956 0.27432 0.0 0.0
38719 10628960 0.614571621971087 0.16693183528259598 0.27432 0.0 0.0
38720 10628960 0.6145548920907498 0.1674630284231524 0.27432 0.0 0.0
38721 10628960 0.6145381622104127 0.1679942215637088 0.27432 0.0 0.0
38722 10628960 0.6145214323300756 0.16852541470426524 0.27432 0.0 0.0
38723 10628960 0.6145047024497385 0.16905660784482165 0.27432 0.0 0.0
38724 10628960 0.6144930394453274 0.16902091592755975 0.2743930935251799 0.0 0.0
38725 10628960 0.6144813764409163 0.16898522401029784 0.27446618705035974 0.0 0.0
38726 10628960 0.6144697134365051 0.16894953209303593 0.27453928057553956 0.0 0.0
38727 10628960 0.614458050432094 0.16891384017577402 0.2746123741007194 0.0 0.0
38728 10628960 0.6144463874276828 0.1688781482585121 0.2746854676258993 0.0 0.0
38729 10628960 0.6144347244232716 0.1688424563412502 0.27475856115107916 0.0 0.0
38730 10628960 0.6144230614188605 0.1688067644239883 0.274831654676259 0.0 0.0
38731 10628960 0.6144113984144494 0.16877107250672638 0.27490474820143884 0.0 0.0
38732 10628960 0.6143997354100382 0.16873538058946447 0.2749778417266187 0.0 0.0
38733 10628960 0.6143880724056271 0.16869968867220256 0.2750509352517986 0.0 0.0
38734 10628960 0.614376409401216 0.16866399675494065 0.27512402877697845 0.0 0.0
38735 10628960 0.6143647463968048 0.16862830483767874 0.27519712230215826 0.0 0.0
38736 10628960 0.6143530833923936 0.16859261292041683 0.2752702158273381 0.0 0.0
38737 10628960 0.6143414203879825 0.1685569210031549 0.275343309352518 0.0 0.0
38738 10628960 0.6143297573835713 0.16852122908589298 0.27541640287769786 0.0 0.0
38739 10628960 0.6143180943791602 0.16848553716863107 0.27548949640287773 0.0 0.0
38740 10628960 0.614306431374749 0.16844984525136916 0.27556258992805754 0.0 0.0
38741 10628960 0.6142947683703379 0.16841415333410725 0.2756356834532374 0.0 0.0
38742 10628960 0.6142831053659268 0.16837846141684534 0.2757087769784173 0.0 0.0
38743 10628960 0.6142714423615157 0.16834276949958343 0.27578187050359715 0.0 0.0
38744 10628960 0.6142597793571044 0.16830707758232152 0.27585496402877696 0.0 0.0
38745 10628960 0.6142481163526933 0.16827138566505961 0.27592805755395683 0.0 0.0
38746 10628960 0.6142364533482821 0.1682356937477977 0.2760011510791367 0.0 0.0
38747 10628960 0.614224790343871 0.1682000018305358 0.27607424460431657 0.0 0.0
38748 10628960 0.6142131273394599 0.16816430991327388 0.27614733812949643 0.0 0.0
38749 10628960 0.6142014643350487 0.16812861799601198 0.27622043165467625 0.0 0.0
38750 10628960 0.6141898013306376 0.16809292607875007 0.2762935251798561 0.0 0.0
38751 10628960 0.6141781383262265 0.16805723416148816 0.276366618705036 0.0 0.0
38752 10628960 0.6141664753218153 0.16802154224422625 0.27643971223021585 0.0 0.0
38753 10628960 0.6141548123174041 0.16798585032696434 0.2765128057553957 0.0 0.0
38754 10628960 0.614143149312993 0.16795015840970243 0.27658589928057553 0.0 0.0
38755 10628960 0.6141314863085818 0.16791446649244052 0.2766589928057554 0.0 0.0
38756 10628960 0.6141198233041707 0.1678787745751786 0.27673208633093527 0.0 0.0
38757 10628960 0.6141081602997596 0.1678430826579167 0.27680517985611514 0.0 0.0
38758 10628960 0.6140964972953484 0.1678073907406548 0.27687827338129495 0.0 0.0
38759 10628960 0.6140848342909373 0.16777169882339288 0.2769513669064748 0.0 0.0
38760 10628960 0.6140731712865262 0.16773600690613097 0.2770244604316547 0.0 0.0
38761 10628960 0.6140615082821149 0.16770031498886906 0.27709755395683455 0.0 0.0
38762 10628960 0.6140498452777038 0.16766462307160715 0.2771706474820144 0.0 0.0
38763 10628960 0.6140381822732927 0.1676289311543452 0.27724374100719423 0.0 0.0
38764 10628960 0.6140265192688815 0.1675932392370833 0.2773168345323741 0.0 0.0
38765 10628960 0.6140148562644704 0.1675575473198214 0.27738992805755397 0.0 0.0
38766 10628960 0.6140031932600593 0.16752185540255948 0.27746302158273384 0.0 0.0
38767 10628960 0.6139915302556481 0.16748616348529757 0.27753611510791365 0.0 0.0
38768 10628960 0.613979867251237 0.16745047156803566 0.2776092086330935 0.0 0.0
38769 10628960 0.6139682042468257 0.16741477965077375 0.2776823021582734 0.0 0.0
38770 10628960 0.6139565412424146 0.16737908773351184 0.27775539568345325 0.0 0.0
38771 10628960 0.6139448782380035 0.16734339581624993 0.2778284892086331 0.0 0.0
38772 10628960 0.6139332152335923 0.16730770389898802 0.27790158273381294 0.0 0.0
38773 10628960 0.6139215522291812 0.16727201198172612 0.2779746762589928 0.0 0.0
38774 10628960 0.6139098892247701 0.1672363200644642 0.27804776978417267 0.0 0.0
38775 10628960 0.613898226220359 0.1672006281472023 0.27812086330935254 0.0 0.0
38776 10628960 0.6138865632159478 0.1671649362299404 0.2781939568345324 0.0 0.0
38777 10628960 0.6138749002115367 0.16712924431267848 0.2782670503597122 0.0 0.0
38778 10628960 0.6138632372071254 0.16709355239541657 0.2783401438848921 0.0 0.0
38779 10628960 0.6138515742027143 0.16705786047815466 0.27841323741007196 0.0 0.0
38780 10628960 0.6138399111983032 0.16702216856089275 0.2784863309352518 0.0 0.0
38781 10628960 0.613828248193892 0.16698647664363084 0.27855942446043164 0.0 0.0
38782 10628960 0.6138165851894809 0.16695078472636893 0.2786325179856115 0.0 0.0
38783 10628960 0.6138049221850698 0.16691509280910702 0.2787056115107914 0.0 0.0
