39141 10628960 0.6097785718167357 0.15416023646258356 0.30479483214649034 0.0 0.0
39142 10628960 0.6099159140231809 0.15414739457856227 0.3047896642929807 0.0 0.0
39143 10628960 0.6100532562296261 0.15413455269454096 0.30478449643947103 0.0 0.0
39144 10628960 0.6101905984360715 0.15412171081051967 0.30477932858596135 0.0 0.0
39145 10628960 0.6103279406425167 0.15410886892649836 0.30477416073245167 0.0 0.0
39146 10628960 0.610465282848962 0.15409602704247707 0.30476899287894205 0.0 0.0
39147 10628960 0.6106026250554072 0.15408318515845576 0.30476382502543237 0.0 0.0
39148 10628960 0.6107399672618524 0.15407034327443447 0.3047586571719227 0.0 0.0
39149 10628960 0.6108773094682977 0.15405750139041316 0.30475348931841306 0.0 0.0
39150 10628960 0.6110146516747429 0.15404465950639187 0.3047483214649034 0.0 0.0
39151 10628960 0.6111519938811881 0.15403181762237056 0.3047431536113937 0.0 0.0
39152 10628960 0.6112893360876335 0.15401897573834927 0.304737985757884 0.0 0.0
39153 10628960 0.6114266782940787 0.15400613385432796 0.3047328179043744 0.0 0.0
39154 10628960 0.6115640205005239 0.15399329197030667 0.3047276500508647 0.0 0.0
39155 10628960 0.6117013627069692 0.15398045008628536 0.30472248219735504 0.0 0.0
39156 10628960 0.6118387049134144 0.15396760820226407 0.3047173143438454 0.0 0.0
39157 10628960 0.6119760471198596 0.15395476631824276 0.30471214649033573 0.0 0.0
39158 10628960 0.6121133893263049 0.15394192443422147 0.30470697863682605 0.0 0.0
39159 10628960 0.6122507315327502 0.15392908255020016 0.3047018107833164 0.0 0.0
39160 10628960 0.6123880737391955 0.15391624066617887 0.30469664292980675 0.0 0.0
39161 10628960 0.6125254159456407 0.15390339878215756 0.30469147507629707 0.0 0.0
39162 10628960 0.6126627581520859 0.15389055689813627 0.3046863072227874 0.0 0.0
39163 10628960 0.6128001003585312 0.15387771501411496 0.3046811393692777 0.0 0.0
39164 10628960 0.6129374425649764 0.15386487313009367 0.3046759715157681 0.0 0.0
39165 10628960 0.6130747847714216 0.15385203124607236 0.3046708036622584 0.0 0.0
39166 10628960 0.6132121269778669 0.15383918936205107 0.3046656358087487 0.0 0.0
39167 10628960 0.6133494691843122 0.15382634747802976 0.3046604679552391 0.0 0.0
39168 10628960 0.6134868113907574 0.15381350559400847 0.3046553001017294 0.0 0.0
39169 10628960 0.6136241535972027 0.15380066370998716 0.30465013224821974 0.0 0.0
39170 10628960 0.6137614958036479 0.15378782182596587 0.30464496439471006 0.0 0.0
39171 10628960 0.6138988380100932 0.15377497994194456 0.30463979654120044 0.0 0.0
39172 10628960 0.6140361802165384 0.15376213805792327 0.30463462868769076 0.0 0.0
39173 10628960 0.6141735224229836 0.15374929617390196 0.3046294608341811 0.0 0.0
39174 10628960 0.614310864629429 0.15373645428988067 0.30462429298067145 0.0 0.0
39175 10628960 0.6144482068358742 0.15372361240585936 0.30461912512716177 0.0 0.0
39176 10628960 0.6145855490423194 0.15371077052183807 0.3046139572736521 0.0 0.0
39177 10628960 0.6147228912487647 0.15369792863781676 0.3046087894201424 0.0 0.0
39178 10628960 0.6148602334552099 0.15368508675379547 0.3046036215666328 0.0 0.0
39179 10628960 0.6149975756616551 0.15367224486977415 0.3045984537131231 0.0 0.0
39180 10628960 0.6151349178681004 0.15365940298575287 0.3045932858596134 0.0 0.0
39181 10628960 0.6152722600745456 0.15364656110173155 0.3045881180061038 0.0 0.0
39182 10628960 0.615409602280991 0.15363371921771027 0.3045829501525941 0.0 0.0
39183 10628960 0.6155469444874362 0.15362087733368895 0.30457778229908444 0.0 0.0
39184 10628960 0.6156842866938814 0.15360803544966767 0.30457261444557476 0.0 0.0
39185 10628960 0.6158216289003267 0.15359519356564635 0.30456744659206514 0.0 0.0
39186 10628960 0.6159589711067719 0.15358235168162507 0.30456227873855546 0.0 0.0
39187 10628960 0.6160963133132171 0.15356950979760375 0.3045571108850458 0.0 0.0
39188 10628960 0.6162336555196624 0.15355666791358247 0.30455194303153615 0.0 0.0
39189 10628960 0.6163709977261077 0.15354382602956115 0.3045467751780265 0.0 0.0
39190 10628960 0.6165083399325529 0.15353098414553987 0.3045416073245168 0.0 0.0
39191 10628960 0.6166456821389982 0.15351814226151855 0.3045364394710071 0.0 0.0
39192 10628960 0.6167830243454434 0.15350530037749727 0.3045312716174975 0.0 0.0
39193 10628960 0.6169203665518886 0.15349245849347595 0.3045261037639878 0.0 0.0
39194 10628960 0.6170577087583339 0.15347961660945467 0.30452093591047813 0.0 0.0
39195 10628960 0.6171950509647791 0.15346677472543335 0.3045157680569685 0.0 0.0
39196 10628960 0.6173323931712243 0.15345393284141207 0.3045106002034588 0.0 0.0
39197 10628960 0.6174697353776697 0.15344109095739075 0.30450543234994915 0.0 0.0
39198 10628960 0.6176070775841149 0.15342824907336947 0.30450026449643947 0.0 0.0
39199 10628960 0.6177444197905602 0.15341540718934815 0.30449509664292984 0.0 0.0
39200 10628960 0.6178817619970054 0.15340256530532687 0.30448992878942016 0.0 0.0
