46192 10866934 0.941660920457768 0.1596142009614556 0.39611904761904765 2.516863095951969 0.5306722116665529
46193 10866934 0.9414833340491867 0.1594589677539203 0.39599809523809526 2.516863095951969 0.5306722116665529
46194 10866934 0.9413057476406056 0.159303734546385 0.39587714285714287 2.516863095951969 0.5306722116665529
46195 10866934 0.9411281612320245 0.1591485013388497 0.39575619047619054 2.516863095951969 0.5306722116665529
46196 10866934 0.9409505748234432 0.1589932681313144 0.39563523809523815 2.516863095951969 0.5306722116665529
46197 10866934 0.9407729884148621 0.15883803492377907 0.39551428571428576 2.516863095951969 0.5306722116665529
46198 10866934 0.9405954020062809 0.15868280171624377 0.3953933333333334 2.516863095951969 0.5306722116665529
46199 10866934 0.9404178155976998 0.15852756850870847 0.395272380952381 2.516863095951969 0.5306722116665529
46200 10866934 0.9402402291891186 0.15837233530117317 0.3951514285714286 2.516863095951969 0.5306722116665529
46201 10866934 0.9400626427805374 0.15821710209363787 0.3950304761904762 2.516863095951969 0.5306722116665529
46202 10866934 0.9398850563719563 0.15806186888610257 0.3949095238095238 2.516863095951969 0.5306722116665529
46203 10866934 0.9397074699633752 0.15790663567856728 0.3947885714285715 2.516863095951969 0.5306722116665529
46204 10866934 0.9395298835547939 0.15775140247103198 0.3946676190476191 2.516863095951969 0.5306722116665529
46205 10866934 0.9393522971462128 0.15759616926349668 0.3945466666666667 2.516863095951969 0.5306722116665529
46206 10866934 0.9391747107376317 0.15744093605596138 0.3944257142857143 2.516863095951969 0.5306722116665529
46207 10866934 0.9389971243290505 0.15728570284842608 0.39430476190476194 2.516863095951969 0.5306722116665529
46208 10866934 0.9388195379204693 0.15713046964089078 0.39418380952380955 2.516863095951969 0.5306722116665529
46209 10866934 0.9386419515118881 0.15697523643335545 0.39406285714285716 2.516863095951969 0.5306722116665529
46210 10866934 0.938464365103307 0.15682000322582015 0.39394190476190477 2.516863095951969 0.5306722116665529
46211 10866934 0.9382867786947259 0.15666477001828485 0.39382095238095244 2.516863095951969 0.5306722116665529
46212 10866934 0.9381091922861446 0.15650953681074956 0.39370000000000005 2.516863095951969 0.5306722116665529
46213 10866934 0.9379316058775635 0.15635430360321426 0.39357904761904766 2.516863095951969 0.5306722116665529
46214 10866934 0.9377540194689824 0.15619907039567896 0.3934580952380953 2.516863095951969 0.5306722116665529
46215 10866934 0.9375764330604012 0.15604383718814366 0.3933371428571429 2.516863095951969 0.5306722116665529
46216 10866934 0.93739884665182 0.15588860398060836 0.3932161904761905 2.516863095951969 0.5306722116665529
46217 10866934 0.9372212602432389 0.15573337077307306 0.3930952380952381 2.516863095951969 0.5306722116665529
46218 10866934 0.9370436738346577 0.15557813756553776 0.3929742857142857 2.516863095951969 0.5306722116665529
46219 10866934 0.9368660874260766 0.15542290435800246 0.3928533333333334 2.516863095951969 0.5306722116665529
46220 10866934 0.9366885010174953 0.15526767115046713 0.392732380952381 2.516863095951969 0.5306722116665529
46221 10866934 0.9365109146089142 0.15511243794293184 0.3926114285714286 2.516863095951969 0.5306722116665529
46222 10866934 0.9363333282003331 0.15495720473539654 0.3924904761904762 2.516863095951969 0.5306722116665529
46223 10866934 0.9361557417917519 0.15480197152786124 0.39236952380952383 2.516863095951969 0.5306722116665529
46224 10866934 0.9359781553831708 0.15464673832032594 0.39224857142857145 2.516863095951969 0.5306722116665529
46225 10866934 0.9358005689745896 0.15449150511279064 0.39212761904761906 2.516863095951969 0.5306722116665529
46226 10866934 0.9356229825660084 0.15433627190525534 0.39200666666666667 2.516863095951969 0.5306722116665529
46227 10866934 0.9354453961574273 0.15418103869772004 0.39188571428571434 2.516863095951969 0.5306722116665529
46228 10866934 0.935267809748846 0.15402580549018474 0.39176476190476195 2.516863095951969 0.5306722116665529
46229 10866934 0.9350902233402649 0.15387057228264944 0.39164380952380956 2.516863095951969 0.5306722116665529
46230 10866934 0.9349126369316838 0.15371533907511414 0.3915228571428572 2.516863095951969 0.5306722116665529
46231 10866934 0.9347350505231026 0.15356010586757884 0.3914019047619048 2.516863095951969 0.5306722116665529
46232 10866934 0.9345574641145215 0.15340487266004352 0.3912809523809524 2.516863095951969 0.5306722116665529
46233 10866934 0.9343798777059403 0.15324963945250822 0.39116 2.516863095951969 0.5306722116665529
46234 10866934 0.9342022912973591 0.15309440624497292 0.3910390476190476 2.516863095951969 0.5306722116665529
46235 10866934 0.934024704888778 0.15293917303743762 0.3909180952380953 2.516863095951969 0.5306722116665529
46236 10866934 0.9338471184801969 0.15278393982990232 0.3907971428571429 2.516863095951969 0.5306722116665529
46237 10866934 0.9336695320716156 0.15262870662236702 0.3906761904761905 2.516863095951969 0.5306722116665529
46238 10866934 0.9334919456630345 0.15247347341483172 0.3905552380952381 2.516863095951969 0.5306722116665529
46239 10866934 0.9333143592544533 0.15231824020729642 0.39043428571428573 2.516863095951969 0.5306722116665529
46240 10866934 0.9331367728458722 0.15216300699976112 0.39031333333333335 2.516863095951969 0.5306722116665529
46241 10866934 0.932959186437291 0.15200777379222583 0.39019238095238096 2.516863095951969 0.5306722116665529
46242 10866934 0.9327816000287098 0.15185254058469053 0.39007142857142857 2.516863095951969 0.5306722116665529
46243 10866934 0.9326040136201287 0.1516973073771552 0.38995047619047624 2.516863095951969 0.5306722116665529
46244 10866934 0.9324264272115476 0.1515420741696199 0.38982952380952385 2.516863095951969 0.5306722116665529
46245 10866934 0.9322488408029663 0.1513868409620846 0.38970857142857146 2.516863095951969 0.5306722116665529
46246 10866934 0.9320712543943852 0.1512316077545493 0.38958761904761907 2.516863095951969 0.5306722116665529
46247 10866934 0.9318936679858041 0.151076374547014 0.3894666666666667 2.516863095951969 0.5306722116665529
46248 10866934 0.9317160815772229 0.1509211413394787 0.3893457142857143 2.516863095951969 0.5306722116665529
46249 10866934 0.9315384951686417 0.1507659081319434 0.3892247619047619 2.516863095951969 0.5306722116665529
46250 10866934 0.9313609087600605 0.1506106749244081 0.3891038095238095 2.516863095951969 0.5306722116665529
46251 10866934 0.9311833223514794 0.1504554417168728 0.3889828571428572 2.516863095951969 0.5306722116665529
