22932 11237485 0.8145903530477825 0.16606542012867812 0.00025034907597535933 -2.445003484775232 0.7988559315902781
22933 11237485 0.8145901034888091 0.16606726087337373 0.0005006981519507187 -2.445003484775232 0.7988559315902781
22934 11237485 0.8145898539298356 0.16606910161806937 0.000751047227926078 -2.445003484775232 0.7988559315902781
22935 11237485 0.8145896043708621 0.16607094236276498 0.0010013963039014373 -2.445003484775232 0.7988559315902781
22936 11237485 0.8145893548118888 0.16607278310746063 0.0012517453798767965 -2.445003484775232 0.7988559315902781
22937 11237485 0.8145891052529153 0.16607462385215624 0.001502094455852156 -2.445003484775232 0.7988559315902781
22938 11237485 0.8145888556939418 0.16607646459685188 0.0017524435318275154 -2.445003484775232 0.7988559315902781
22939 11237485 0.8145886061349684 0.1660783053415475 0.0020027926078028746 -2.445003484775232 0.7988559315902781
22940 11237485 0.8145883565759949 0.16608014608624314 0.002253141683778234 -2.445003484775232 0.7988559315902781
22941 11237485 0.8145881070170214 0.16608198683093875 0.002503490759753593 -2.445003484775232 0.7988559315902781
22942 11237485 0.8145878574580481 0.1660838275756344 0.0027538398357289527 -2.445003484775232 0.7988559315902781
22943 11237485 0.8145876078990746 0.16608566832033 0.003004188911704312 -2.445003484775232 0.7988559315902781
22944 11237485 0.8145873583401012 0.16608750906502565 0.003254537987679671 -2.445003484775232 0.7988559315902781
22945 11237485 0.8145871087811277 0.16608934980972126 0.003504887063655031 -2.445003484775232 0.7988559315902781
22946 11237485 0.8145868592221542 0.1660911905544169 0.00375523613963039 -2.445003484775232 0.7988559315902781
22947 11237485 0.8145866096631809 0.16609303129911251 0.004005585215605749 -2.445003484775232 0.7988559315902781
22948 11237485 0.8145863601042074 0.16609487204380816 0.0042559342915811085 -3.5652095705626183 0.5070087616291357
22949 11237485 0.8145861105452339 0.16609671278850377 0.004506283367556468 -3.5652095705626183 0.5070087616291357
22950 11237485 0.8145858609862605 0.1660985535331994 0.004756632443531827 -3.5652095705626183 0.5070087616291357
22951 11237485 0.814585611427287 0.16610039427789502 0.005006981519507186 -3.5652095705626183 0.5070087616291357
22952 11237485 0.8145853618683135 0.16610223502259067 0.005257330595482546 -3.5652095705626183 0.5070087616291357
22953 11237485 0.8145851123093402 0.16610407576728628 0.0055076796714579055 -3.5652095705626183 0.5070087616291357
22954 11237485 0.8145848627503667 0.16610591651198192 0.005758028747433265 -3.5652095705626183 0.5070087616291357
22955 11237485 0.8145846131913932 0.16610775725667754 0.006008377823408624 -3.5652095705626183 0.5070087616291357
22956 11237485 0.8145843636324198 0.16610959800137318 0.006258726899383983 -3.5652095705626183 0.5070087616291357
22957 11237485 0.8145841140734463 0.1661114387460688 0.006509075975359342 -3.5652095705626183 0.5070087616291357
22958 11237485 0.8145838645144728 0.16611327949076443 0.006759425051334702 -3.5652095705626183 0.5070087616291357
22959 11237485 0.8145836149554995 0.16611512023546005 0.007009774127310062 -3.5652095705626183 0.5070087616291357
22960 11237485 0.814583365396526 0.1661169609801557 0.007260123203285421 -3.5652095705626183 0.5070087616291357
22961 11237485 0.8145831158375525 0.1661188017248513 0.00751047227926078 -3.5652095705626183 0.5070087616291357
22962 11237485 0.8145828662785791 0.16612064246954694 0.007760821355236139 -3.5652095705626183 0.5070087616291357
22963 11237485 0.8145826167196056 0.16612248321424256 0.008011170431211499 -3.5652095705626183 0.5070087616291357
22964 11237485 0.8145823671606321 0.1661243239589382 0.008261519507186859 -3.5652095705626183 0.5070087616291357
22965 11237485 0.8145821176016588 0.1661261647036338 0.008511868583162217 -3.5652095705626183 0.5070087616291357
22966 11237485 0.8145818680426853 0.16612800544832945 0.008762217659137577 -3.5652095705626183 0.5070087616291357
22967 11237485 0.8145816184837119 0.16612984619302507 0.009012566735112935 -3.5652095705626183 0.5070087616291357
22968 11237485 0.8145813689247384 0.1661316869377207 0.009262915811088296 -3.5652095705626183 0.5070087616291357
22969 11237485 0.8145811193657649 0.16613352768241632 0.009513264887063654 -3.5652095705626183 0.5070087616291357
22970 11237485 0.8145808698067916 0.16613536842711196 0.009763613963039014 -3.5652095705626183 0.5070087616291357
22971 11237485 0.8145806202478181 0.16613720917180758 0.010013963039014372 -3.5652095705626183 0.5070087616291357
22972 11237485 0.8145803706888446 0.16613904991650322 0.010264312114989732 -3.5652095705626183 0.5070087616291357
22973 11237485 0.8145801211298712 0.16614089066119883 0.010514661190965092 -3.5652095705626183 0.5070087616291357
22974 11237485 0.8145798715708977 0.16614273140589447 0.01076501026694045 -3.5652095705626183 0.5070087616291357
22975 11237485 0.8145796220119242 0.1661445721505901 0.011015359342915811 -3.5652095705626183 0.5070087616291357
22976 11237485 0.8145793724529509 0.16614641289528573 0.01126570841889117 -3.5652095705626183 0.5070087616291357
22977 11237485 0.8145791228939774 0.16614825363998134 0.01151605749486653 -3.5652095705626183 0.5070087616291357
22978 11237485 0.8145788733350039 0.16615009438467698 0.011766406570841888 -3.5652095705626183 0.5070087616291357
22979 11237485 0.8145786237760305 0.1661519351293726 0.012016755646817248 -3.5652095705626183 0.5070087616291357
22980 11237485 0.814578374217057 0.16615377587406824 0.012267104722792608 -3.5652095705626183 0.5070087616291357
22981 11237485 0.8145781246580835 0.16615561661876385 0.012517453798767966 -3.5652095705626183 0.5070087616291357
22982 11237485 0.8145778750991102 0.1661574573634595 0.012767802874743326 -3.5652095705626183 0.5070087616291357
22983 11237485 0.8145776255401367 0.1661592981081551 0.013018151950718685 -3.5652095705626183 0.5070087616291357
22984 11237485 0.8145773759811632 0.16616113885285075 0.013268501026694045 -3.5652095705626183 0.5070087616291357
22985 11237485 0.8145771264221898 0.16616297959754636 0.013518850102669403 -3.5652095705626183 0.5070087616291357
22986 11237485 0.8145768768632163 0.166164820342242 0.013769199178644763 -3.5652095705626183 0.5070087616291357
22987 11237485 0.814576627304243 0.16616666108693762 0.014019548254620123 -3.5652095705626183 0.5070087616291357
22988 11237485 0.8145763777452695 0.16616850183163326 0.014269897330595482 -3.5652095705626183 0.5070087616291357
22989 11237485 0.814576128186296 0.16617034257632887 0.014520246406570842 -3.5652095705626183 0.5070087616291357
22990 11237485 0.8145758786273226 0.1661721833210245 0.0147705954825462 -3.5652095705626183 0.5070087616291357
22991 11237485 0.8145756290683491 0.16617402406572013 0.01502094455852156 -3.5652095705626183 0.5070087616291357
