24393 11237485 0.8136245427737266 0.16856353940633428 0.36576 -3.5652095705626183 0.5070087616291357
24394 11237485 0.8130230886009043 0.16837417142837405 0.36576 -3.5652095705626183 0.5070087616291357
24395 11237485 0.812421634428082 0.1681848034504138 0.36576 -3.5652095705626183 0.5070087616291357
24396 11237485 0.8118201802552597 0.16799543547245355 0.36576 -3.5652095705626183 0.5070087616291357
24397 11237485 0.8112187260824374 0.1678060674944933 0.36576 -3.5652095705626183 0.5070087616291357
24398 11237485 0.8106172719096151 0.16761669951653307 0.36576 -3.5652095705626183 0.5070087616291357
24399 11237485 0.8100158177367927 0.16742733153857284 0.36576 -3.5652095705626183 0.5070087616291357
24400 11237485 0.8094143635639703 0.1672379635606126 0.36576 -3.5652095705626183 0.5070087616291357
24401 11237485 0.808812909391148 0.16704859558265236 0.36576 -3.5652095705626183 0.5070087616291357
24402 11237485 0.8082114552183257 0.16685922760469213 0.36576 -3.5652095705626183 0.5070087616291357
24403 11237485 0.8076100010455034 0.16666985962673186 0.36576 -3.5652095705626183 0.5070087616291357
24404 11237485 0.8070085468726811 0.16648049164877163 0.36576 -3.5652095705626183 0.5070087616291357
24405 11237485 0.8064070926998588 0.1662911236708114 0.36576 -3.5652095705626183 0.5070087616291357
24406 11237485 0.8058056385270365 0.16610175569285116 0.36576 -3.5652095705626183 0.5070087616291357
24407 11237485 0.8052041843542141 0.16591238771489092 0.36576 -3.5652095705626183 0.5070087616291357
24408 11237485 0.8046027301813918 0.16572301973693068 0.36576 -3.5652095705626183 0.5070087616291357
24409 11237485 0.8040012760085695 0.16553365175897045 0.36576 -3.5652095705626183 0.5070087616291357
24410 11237485 0.8033998218357472 0.16534428378101018 0.36576 -3.5652095705626183 0.5070087616291357
24411 11237485 0.8027983676629248 0.16515491580304995 0.36576 -3.5652095705626183 0.5070087616291357
24412 11237485 0.8021969134901025 0.1649655478250897 0.36576 -3.5652095705626183 0.5070087616291357
24413 11237485 0.8015954593172802 0.16477617984712947 0.36576 -3.5652095705626183 0.5070087616291357
24414 11237485 0.8009940051444578 0.16458681186916924 0.36576 -3.5652095705626183 0.5070087616291357
24415 11237485 0.8003925509716355 0.164397443891209 0.36576 -3.5652095705626183 0.5070087616291357
24416 11237485 0.7997910967988132 0.16420807591324876 0.36576 -3.5652095705626183 0.5070087616291357
24417 11237485 0.7991896426259909 0.1640187079352885 0.36576 -3.5652095705626183 0.5070087616291357
24418 11237485 0.7985881884531686 0.16382933995732826 0.36576 -3.5652095705626183 0.5070087616291357
24419 11237485 0.7979867342803463 0.16363997197936803 0.36576 -3.5652095705626183 0.5070087616291357
24420 11237485 0.797385280107524 0.1634506040014078 0.36576 -3.5652095705626183 0.5070087616291357
24421 11237485 0.7967838259347017 0.16326123602344755 0.36576 -3.5652095705626183 0.5070087616291357
24422 11237485 0.7961823717618793 0.16307186804548732 0.36576 -3.5652095705626183 0.5070087616291357
24423 11237485 0.7955809175890569 0.16288250006752708 0.36576 -3.5652095705626183 0.5070087616291357
24424 11237485 0.7949794634162346 0.16269313208956682 0.36576 -3.5652095705626183 0.5070087616291357
24425 11237485 0.7943780092434123 0.16250376411160658 0.36576 -3.5652095705626183 0.5070087616291357
24426 11237485 0.79377655507059 0.16231439613364634 0.36576 -3.5652095705626183 0.5070087616291357
24427 11237485 0.7931751008977677 0.1621250281556861 0.36576 -3.5652095705626183 0.5070087616291357
24428 11237485 0.7925736467249453 0.16193566017772587 0.36576 -3.5652095705626183 0.5070087616291357
24429 11237485 0.791972192552123 0.16174629219976563 0.36576 -3.5652095705626183 0.5070087616291357
24430 11237485 0.7913707383793007 0.1615569242218054 0.36576 -3.5652095705626183 0.5070087616291357
24431 11237485 0.7907692842064784 0.16136755624384513 0.36576 -3.5652095705626183 0.5070087616291357
24432 11237485 0.7901678300336561 0.1611781882658849 0.36576 -3.5652095705626183 0.5070087616291357
24433 11237485 0.7895663758608338 0.16098882028792466 0.36576 -3.5652095705626183 0.5070087616291357
24434 11237485 0.7889649216880115 0.16079945230996442 0.36576 -3.5652095705626183 0.5070087616291357
24435 11237485 0.788363467515189 0.1606100843320042 0.36576 -3.5652095705626183 0.5070087616291357
24436 11237485 0.7877620133423667 0.16042071635404395 0.36576 -3.5652095705626183 0.5070087616291357
24437 11237485 0.7871605591695444 0.16023134837608372 0.36576 -3.5652095705626183 0.5070087616291357
24438 11237485 0.7865591049967221 0.16004198039812345 0.36576 -3.5652095705626183 0.5070087616291357
24439 11237485 0.7859576508238998 0.15985261242016321 0.36576 -3.5652095705626183 0.5070087616291357
24440 11237485 0.7853561966510775 0.15966324444220298 0.36576 -3.5652095705626183 0.5070087616291357
24441 11237485 0.7847547424782552 0.15947387646424274 0.36576 -3.5652095705626183 0.5070087616291357
24442 11237485 0.7841532883054328 0.1592845084862825 0.36576 -3.5652095705626183 0.5070087616291357
24443 11237485 0.7835518341326105 0.15909514050832227 0.36576 -3.5652095705626183 0.5070087616291357
24444 11237485 0.7829503799597882 0.15890577253036203 0.36576 -3.5652095705626183 0.5070087616291357
24445 11237485 0.7823489257869659 0.15871640455240177 0.36576 -3.5652095705626183 0.5070087616291357
24446 11237485 0.7817474716141436 0.15852703657444153 0.36576 -3.5652095705626183 0.5070087616291357
24447 11237485 0.7811460174413212 0.1583376685964813 0.36576 -3.5652095705626183 0.5070087616291357
24448 11237485 0.7805445632684989 0.15814830061852106 0.36576 -2.269138511209445 1.2112899144904092
24449 11237485 0.7799431090956765 0.15795893264056082 0.36576 -2.269138511209445 1.2112899144904092
24450 11237485 0.7793416549228542 0.1577695646626006 0.36576 -2.269138511209445 1.2112899144904092
24451 11237485 0.7787402007500319 0.15758019668464035 0.36576 -2.269138511209445 1.2112899144904092
24452 11237485 0.7781387465772096 0.15739082870668009 0.36576 -2.269138511209445 1.2112899144904092
