2576 10866934 0.9370239919202583 0.1613424432301072 0.39624000000000004 1.8153108089675565 -0.9690319315923269
2577 10866934 0.9365425405332737 0.16149974446554038 0.39624000000000004 1.8153108089675565 -0.9690319315923269
2578 10866934 0.9360610891462889 0.16165704570097358 0.39624000000000004 1.8153108089675565 -0.9690319315923269
2579 10866934 0.9355796377593042 0.16181434693640676 0.39624000000000004 1.8153108089675565 -0.9690319315923269
2580 10866934 0.9350981863723196 0.16197164817183993 0.39624000000000004 1.8153108089675565 -0.9690319315923269
2581 10866934 0.9346167349853349 0.16212894940727313 0.39624000000000004 1.8153108089675565 -0.9690319315923269
2582 10866934 0.9341352835983502 0.1622862506427063 0.39624000000000004 1.8153108089675565 -0.9690319315923269
2583 10866934 0.9336538322113654 0.16244355187813947 0.39624000000000004 1.8153108089675565 -0.9690319315923269
2584 10866934 0.9331723808243808 0.16260085311357264 0.39624000000000004 1.8153108089675565 -0.9690319315923269
2585 10866934 0.9326909294373962 0.16275815434900584 0.39624000000000004 1.8153108089675565 -0.9690319315923269
2586 10866934 0.9322094780504114 0.162915455584439 0.39624000000000004 1.8153108089675565 -0.9690319315923269
