45167 10905211 0.7115620902177755 0.12635709734069012 0.29718639261744967 3.057007930061816 1.903281293434885
45168 10905211 0.7115591447572605 0.1263549234692507 0.29719278523489934 3.057007930061816 1.903281293434885
45169 10905211 0.7115561992967454 0.12635274959781126 0.297199177852349 3.057007930061816 1.903281293434885
45170 10905211 0.7115532538362305 0.12635057572637184 0.2972055704697987 3.057007930061816 1.903281293434885
45171 10905211 0.7115503083757154 0.1263484018549324 0.29721196308724834 3.057007930061816 1.903281293434885
45172 10905211 0.7115473629152004 0.12634622798349296 0.297218355704698 3.057007930061816 1.903281293434885
45173 10905211 0.7115444174546853 0.12634405411205354 0.2972247483221476 3.057007930061816 1.903281293434885
45174 10905211 0.7115414719941703 0.1263418802406141 0.2972311409395973 3.057007930061816 1.903281293434885
45175 10905211 0.7115385265336552 0.12633970636917466 0.29723753355704696 3.057007930061816 1.903281293434885
45176 10905211 0.7115355810731402 0.12633753249773524 0.29724392617449663 3.057007930061816 1.903281293434885
45177 10905211 0.7115326356126251 0.1263353586262958 0.2972503187919463 3.057007930061816 1.903281293434885
45178 10905211 0.7115296901521102 0.1263331847548564 0.29725671140939597 3.057007930061816 1.903281293434885
45179 10905211 0.7115267446915952 0.12633101088341694 0.29726310402684564 3.057007930061816 1.903281293434885
45180 10905211 0.7115237992310801 0.1263288370119775 0.2972694966442953 3.057007930061816 1.903281293434885
45181 10905211 0.7115208537705651 0.1263266631405381 0.297275889261745 3.057007930061816 1.903281293434885
45182 10905211 0.71151790831005 0.12632448926909864 0.29728228187919464 3.057007930061816 1.903281293434885
45183 10905211 0.711514962849535 0.1263223153976592 0.2972886744966443 3.057007930061816 1.903281293434885
45184 10905211 0.7115120173890199 0.1263201415262198 0.297295067114094 3.057007930061816 1.903281293434885
45185 10905211 0.7115090719285049 0.12631796765478034 0.29730145973154365 3.057007930061816 1.903281293434885
45186 10905211 0.7115061264679899 0.12631579378334093 0.29730785234899326 3.057007930061816 1.903281293434885
45187 10905211 0.7115031810074749 0.1263136199119015 0.29731424496644293 3.057007930061816 1.903281293434885
45188 10905211 0.7115002355469598 0.12631144604046204 0.2973206375838926 3.057007930061816 1.903281293434885
45189 10905211 0.7114972900864448 0.12630927216902263 0.29732703020134227 3.057007930061816 1.903281293434885
45190 10905211 0.7114943446259298 0.1263070982975832 0.29733342281879194 3.057007930061816 1.903281293434885
45191 10905211 0.7114913991654147 0.12630492442614377 0.2973398154362416 3.057007930061816 1.903281293434885
45192 10905211 0.7114884537048997 0.12630275055470433 0.2973462080536913 3.057007930061816 1.903281293434885
45193 10905211 0.7114855082443846 0.1263005766832649 0.29735260067114094 3.057007930061816 1.903281293434885
45194 10905211 0.7114825627838697 0.12629840281182547 0.2973589932885906 3.057007930061816 1.903281293434885
45195 10905211 0.7114796173233546 0.12629622894038603 0.2973653859060403 3.057007930061816 1.903281293434885
45196 10905211 0.7114766718628396 0.1262940550689466 0.29737177852348995 3.057007930061816 1.903281293434885
45197 10905211 0.7114737264023245 0.12629188119750717 0.2973781711409396 3.057007930061816 1.903281293434885
45198 10905211 0.7114707809418095 0.12628970732606773 0.2973845637583893 3.057007930061816 1.903281293434885
45199 10905211 0.7114678354812944 0.12628753345462831 0.2973909563758389 3.057007930061816 1.903281293434885
45200 10905211 0.7114648900207794 0.12628535958318887 0.29739734899328857 3.057007930061816 1.903281293434885
45201 10905211 0.7114619445602645 0.12628318571174943 0.29740374161073824 3.057007930061816 1.903281293434885
45202 10905211 0.7114589990997494 0.12628101184031001 0.2974101342281879 3.057007930061816 1.903281293434885
45203 10905211 0.7114560536392344 0.12627883796887057 0.2974165268456376 3.057007930061816 1.903281293434885
45204 10905211 0.7114531081787193 0.12627666409743113 0.29742291946308724 3.057007930061816 1.903281293434885
45205 10905211 0.7114501627182043 0.12627449022599171 0.2974293120805369 3.057007930061816 1.903281293434885
45206 10905211 0.7114472172576892 0.12627231635455227 0.2974357046979866 3.057007930061816 1.903281293434885
45207 10905211 0.7114442717971742 0.12627014248311286 0.29744209731543625 3.057007930061816 1.903281293434885
45208 10905211 0.7114413263366591 0.12626796861167341 0.2974484899328859 3.057007930061816 1.903281293434885
45209 10905211 0.7114383808761442 0.12626579474023397 0.2974548825503356 3.057007930061816 1.903281293434885
45210 10905211 0.7114354354156291 0.12626362086879456 0.29746127516778526 3.057007930061816 1.903281293434885
45211 10905211 0.7114324899551141 0.12626144699735511 0.2974676677852349 3.057007930061816 1.903281293434885
45212 10905211 0.711429544494599 0.1262592731259157 0.29747406040268454 3.057007930061816 1.903281293434885
45213 10905211 0.711426599034084 0.12625709925447626 0.2974804530201342 3.057007930061816 1.903281293434885
45214 10905211 0.711423653573569 0.12625492538303681 0.2974868456375839 3.057007930061816 1.903281293434885
45215 10905211 0.7114207081130539 0.1262527515115974 0.29749323825503354 3.057007930061816 1.903281293434885
45216 10905211 0.7114177626525389 0.12625057764015796 0.2974996308724832 3.057007930061816 1.903281293434885
45217 10905211 0.7114148171920239 0.12624840376871851 0.2975060234899329 3.057007930061816 1.903281293434885
45218 10905211 0.7114118717315089 0.1262462298972791 0.29751241610738255 3.057007930061816 1.903281293434885
45219 10905211 0.7114089262709938 0.12624405602583966 0.2975188087248322 3.057007930061816 1.903281293434885
45220 10905211 0.7114059808104788 0.12624188215440024 0.2975252013422819 3.057007930061816 1.903281293434885
45221 10905211 0.7114030353499637 0.1262397082829608 0.29753159395973156 3.057007930061816 1.903281293434885
45222 10905211 0.7114000898894487 0.12623753441152136 0.2975379865771812 3.057007930061816 1.903281293434885
45223 10905211 0.7113971444289336 0.12623536054008194 0.2975443791946309 3.057007930061816 1.903281293434885
45224 10905211 0.7113941989684186 0.1262331866686425 0.29755077181208056 3.057007930061816 1.903281293434885
45225 10905211 0.7113912535079037 0.12623101279720306 0.2975571644295302 3.057007930061816 1.903281293434885
45226 10905211 0.7113883080473886 0.12622883892576364 0.29756355704697984 3.057007930061816 1.903281293434885
